Vertex_Edges 100x1000

Sol 1: 1,88,24,41,100
Sol 2: 5,100,30,80

73 82 2
18 88 90
21 27 43
82 73 63
82 6 46
1 36 51
83 4 41
13 38 63
11 11 39
41 99 50
55 76 42
97 33 34
90 17 79
59 74 13
77 25 80
83 75 56
16 42 74
64 68 83
92 62 79
14 3 73
57 40 84
63 20 81
76 79 16
37 23 27
61 30 52
65 34 41
4 29 85
33 73 47
33 72 80
41 81 10
39 26 53
72 83 71
40 11 17
48 5 34
49 21 17
22 53 94
89 64 54
58 70 78
6 60 21
67 90 49
65 22 44
7 14 70
37 8 21
85 68 2
41 74 2
39 64 96
42 92 32
42 64 59
18 85 67
37 70 43
25 21 68
80 60 49
11 91 78
76 72 16
97 27 32
13 30 87
17 43 75
56 97 75
6 52 90
67 90 64
16 38 64
35 99 21
44 19 69
100 15 87
57 92 7
52 10 60
55 100 89
34 3 34
35 2 76
89 44 42
84 64 61
18 79 97
8 86 82
86 16 42
51 25 34
16 10 1
1 37 44
65 14 82
47 28 34
33 23 88
83 74 60
53 21 100
16 67 57
23 83 13
38 5 74
81 32 18
62 83 30
22 14 7
56 53 56
69 89 4
51 58 30
86 12 29
52 83 23
86 16 41
83 56 88
90 36 83
22 32 93
88 53 48
71 2 50
28 83 27
23 37 49
15 4 72
12 32 9
16 82 69
77 87 68
99 99 61
27 83 4
6 11 50
61 4 47
81 3 93
41 97 51
59 7 91
85 26 94
8 97 73
41 19 30
49 86 68
40 38 37
51 13 93
48 81 29
14 38 35
1 66 11
1 50 48
22 25 28
61 98 67
33 47 31
8 57 86
10 19 81
85 38 38
87 9 30
16 77 22
76 66 37
74 38 24
100 11 42
4 49 18
88 100 24
53 87 68
20 2 61
67 2 94
8 19 47
65 77 53
59 52 51
27 33 18
26 56 51
40 58 18
99 82 15
31 29 6
6 70 12
95 60 60
76 70 58
84 75 34
17 71 80
54 76 91
60 11 83
17 47 43
65 19 95
80 87 49
94 21 5
92 61 79
79 33 31
4 65 52
41 20 14
31 32 46
48 43 100
30 87 8
30 15 61
66 10 9
9 2 4
48 40 19
89 17 73
25 57 34
83 28 64
11 63 95
19 46 51
39 49 65
95 59 63
69 70 64
34 29 68
70 90 57
64 84 39
69 38 62
59 68 10
82 48 30
89 6 3
17 8 35
86 4 3
80 87 41
64 4 14
65 30 25
63 87 99
13 21 84
87 73 62
23 42 100
12 32 25
74 72 68
5 28 60
4 22 26
39 18 60
45 89 78
63 33 52
27 100 61
80 70 20
73 34 79
14 96 96
42 30 98
44 31 100
59 50 16
82 59 94
59 86 27
91 28 63
69 92 9
45 37 85
69 86 46
34 68 89
58 31 73
16 30 6
39 87 63
19 76 78
21 16 63
51 74 9
27 91 59
59 84 62
34 16 8
21 59 17
1 98 48
88 43 98
90 63 93
22 97 21
47 2 38
24 31 47
87 18 90
34 42 69
61 43 66
42 75 4
72 83 58
70 37 55
56 86 28
54 68 40
98 70 73
44 62 11
83 22 38
91 71 27
47 55 63
81 64 34
1 65 77
37 10 3
69 97 53
13 19 23
51 66 11
19 73 47
3 59 63
98 5 41
73 2 42
67 3 10
70 99 32
99 39 88
95 24 57
42 15 58
70 51 72
83 59 28
61 64 51
4 44 84
74 82 52
17 34 12
82 61 95
86 13 30
66 1 59
32 93 73
19 20 71
56 96 78
1 47 28
37 81 54
78 98 29
81 2 50
57 11 3
99 98 52
38 4 6
66 48 38
64 93 73
73 64 40
75 17 8
64 72 61
98 68 97
92 13 27
81 14 95
6 86 63
80 55 75
13 79 93
65 13 6
1 12 14
17 21 15
28 1 49
80 19 1
56 75 4
6 47 91
17 28 3
84 55 84
96 95 81
13 26 17
95 26 17
90 88 2
70 50 18
30 7 72
94 64 28
9 24 56
86 64 32
51 66 64
98 15 40
39 1 49
70 52 96
42 39 11
18 46 33
44 78 4
30 50 90
96 51 67
57 44 97
77 7 96
11 90 51
80 27 6
75 29 91
95 39 81
93 63 69
86 33 11
4 82 97
92 73 69
42 10 30
77 79 74
64 50 44
93 64 40
30 56 35
19 68 52
27 15 56
92 80 18
59 28 8
58 36 66
100 9 47
1 24 68
66 53 33
40 78 88
29 39 30
94 47 53
98 87 44
54 63 3
54 57 34
9 92 17
92 71 42
8 23 29
31 31 10
67 15 74
24 50 90
31 26 74
17 44 67
1 71 52
28 4 98
41 91 99
13 53 50
57 29 54
5 29 31
71 9 21
69 91 10
28 8 84
53 30 98
64 70 77
58 66 85
60 50 61
66 89 79
42 76 43
57 79 79
6 67 41
71 15 43
34 38 78
78 33 88
22 81 16
3 16 20
50 80 37
89 11 2
18 53 7
2 56 22
23 98 42
62 36 74
61 31 95
6 99 57
2 86 23
8 40 9
23 31 80
13 99 25
55 52 27
89 91 66
82 83 99
82 67 26
43 25 39
89 31 72
14 27 87
33 3 85
33 14 46
43 57 87
46 75 99
37 16 24
67 37 10
61 46 65
21 80 84
75 40 58
2 5 76
10 77 59
30 40 62
74 75 8
23 89 46
75 20 7
3 80 8
61 74 76
82 27 28
21 35 95
27 46 42
16 40 79
49 8 52
80 8 68
78 6 61
10 63 77
34 21 22
57 18 46
14 21 91
79 24 52
22 89 48
11 11 59
80 27 60
31 15 19
26 57 58
82 12 66
11 50 87
59 59 63
24 34 80
14 8 50
90 15 41
50 61 97
29 35 6
13 66 38
13 72 46
72 100 75
83 51 66
13 14 78
56 32 98
42 3 27
37 5 90
65 20 64
68 84 29
57 77 61
93 89 60
28 2 46
15 50 27
54 16 75
46 8 89
31 81 33
54 36 36
84 78 65
7 45 36
8 37 79
48 79 9
85 5 31
90 82 16
84 38 61
47 95 62
63 78 75
75 20 97
84 49 65
42 86 52
28 5 43
8 59 52
96 51 67
56 46 47
23 64 36
64 1 89
29 42 27
24 59 42
40 51 63
100 91 54
3 96 98
7 23 82
54 11 90
60 45 43
47 13 78
47 24 40
10 5 48
92 83 35
69 25 13
73 16 5
30 60 88
99 63 2
80 24 61
87 23 12
89 91 96
27 18 72
46 9 29
87 42 66
95 53 2
51 34 21
95 5 32
79 24 53
56 74 64
80 31 23
48 45 93
41 17 70
74 23 100
47 54 1
45 34 18
96 64 28
60 13 35
33 69 50
46 52 12
83 87 41
92 60 100
38 94 35
36 24 52
67 2 94
1 22 51
22 69 91
77 96 72
29 15 7
82 43 56
68 52 100
38 64 12
86 80 75
75 58 92
24 99 22
2 41 89
93 9 56
96 86 66
72 21 15
21 1 49
3 24 26
51 38 81
64 73 58
31 35 72
58 18 14
48 26 60
47 24 49
16 97 46
8 46 28
23 19 100
17 40 59
23 47 84
58 82 30
37 77 32
62 84 39
10 70 17
10 2 82
37 90 49
33 61 57
51 31 62
3 94 32
95 100 37
90 64 100
87 84 78
91 3 1
44 20 52
14 21 81
98 67 73
89 19 73
10 7 2
44 60 92
33 58 64
43 50 2
15 39 89
24 71 32
57 49 77
7 76 74
29 29 4
89 27 41
34 43 24
37 56 23
49 93 69
43 54 2
95 24 65
87 28 71
78 22 6
15 9 44
39 87 25
27 14 81
70 22 16
65 85 43
69 12 28
61 12 80
42 44 33
66 68 87
24 2 48
91 8 65
20 31 36
80 35 43
43 51 33
36 63 80
42 76 94
24 14 24
86 50 99
17 41 42
52 1 14
69 11 32
24 20 19
56 31 86
71 54 41
11 62 56
57 11 84
62 93 74
12 79 88
10 47 72
67 43 24
100 29 13
27 68 54
57 25 98
20 12 16
70 40 70
78 34 56
64 90 78
94 65 72
80 50 10
13 51 44
99 90 89
13 54 75
42 49 33
97 89 35
66 71 41
6 26 12
21 23 64
17 83 69
77 41 70
79 68 37
67 81 21
62 56 9
14 35 81
35 8 41
64 12 42
18 84 46
64 99 77
96 8 80
52 52 64
7 51 58
10 21 52
83 43 37
12 9 4
67 78 64
98 34 28
67 39 56
16 55 48
31 76 60
34 4 2
52 95 12
82 59 49
50 25 76
36 76 66
15 70 74
42 70 61
47 75 80
32 76 93
53 55 19
2 35 23
4 62 29
81 24 95
65 25 64
73 100 46
39 43 17
70 77 83
30 6 57
39 11 36
19 78 99
47 69 48
75 80 79
40 76 64
79 63 60
7 85 22
28 14 41
42 14 98
87 53 53
87 28 92
26 23 30
63 33 52
7 85 77
15 69 34
43 41 7
37 8 55
12 10 47
15 61 70
90 64 89
99 53 30
77 62 13
35 34 44
44 62 16
28 40 84
36 72 19
77 39 15
74 13 100
85 79 36
89 74 89
77 15 30
56 8 92
98 84 97
2 45 58
18 59 61
71 68 71
13 94 4
61 82 89
21 38 57
63 32 84
92 6 85
86 6 12
36 46 72
60 45 62
98 5 45
12 10 48
5 11 63
46 50 60
95 31 5
66 48 59
9 99 88
43 25 59
82 82 8
48 69 34
82 100 79
56 68 50
74 60 44
88 59 74
58 49 43
28 76 1
28 71 52
63 61 10
17 50 20
59 18 83
33 1 69
10 89 73
1 96 56
20 68 2
74 28 29
87 52 25
27 64 46
31 44 43
62 72 35
87 58 67
65 7 98
63 7 99
78 15 69
40 53 84
46 36 49
43 67 19
100 9 30
73 40 54
90 96 84
97 41 23
68 100 80
70 83 15
21 28 53
31 13 12
93 65 52
7 81 93
98 19 78
92 54 88
65 58 10
56 45 89
15 78 6
82 74 40
4 72 31
92 95 56
55 55 73
40 51 2
13 65 53
56 47 6
65 85 42
60 61 85
35 1 62
91 87 22
25 76 94
15 23 32
87 60 35
67 19 33
15 53 55
98 80 21
69 46 92
88 97 13
5 6 57
83 16 83
62 72 64
25 21 28
66 82 93
61 74 2
75 19 87
49 96 68
86 88 30
99 57 70
46 35 38
36 49 91
51 50 73
86 65 44
8 48 96
6 5 31
46 95 69
5 62 81
75 18 12
50 39 82
28 68 20
97 9 12
94 19 80
54 90 33
10 93 91
48 52 33
43 86 88
79 44 36
23 60 87
31 75 91
85 92 32
52 66 51
71 49 52
64 6 90
55 72 86
39 71 79
9 25 81
80 55 84
66 8 76
6 74 21
1 33 87
52 15 37
39 7 88
37 74 67
4 40 39
12 8 10
22 37 59
87 2 77
63 34 72
53 18 6
4 96 75
57 32 46
29 69 25
69 4 44
64 2 21
44 61 63
18 86 46
20 59 5
76 46 11
9 8 27
100 3 8
21 37 77
7 68 77
14 68 71
91 24 30
51 33 80
63 27 85
25 57 43
54 33 4
88 95 21
76 55 44
37 35 83
46 55 86
56 93 60
5 23 16
15 16 81
39 61 64
65 51 34
69 25 54
52 61 96
77 82 9
32 27 86
54 4 29
47 44 30
24 74 62
78 64 44
81 42 6
32 35 87
37 42 96
45 34 14
52 54 60
9 63 97
5 79 67
63 1 4
97 28 6
86 78 80
27 12 36
13 72 98
81 13 42
39 9 33
20 86 48
65 12 63
54 76 13
99 55 95
35 49 49
24 12 29
63 69 8
6 3 50
22 30 56
1 57 3
87 15 86
17 52 24
39 2 15
63 71 51
6 92 6
80 91 11
48 68 16
64 42 12
42 26 61
19 32 23
48 74 79
8 19 67
64 12 20
96 23 96
81 56 2
65 76 61
32 49 12
3 51 60
90 83 18
26 30 48
21 83 87
59 37 39
19 68 7
22 93 3
45 75 73
7 62 33
84 70 52
23 8 89
6 53 85
22 48 68
34 3 98
58 63 21
29 49 34
42 72 65
27 48 11
42 88 63
82 77 19
77 84 28
20 65 87
54 2 5
100 17 86
73 30 93
50 88 14
35 66 12
8 10 32
31 70 90
94 25 18
79 52 25
76 95 29
64 78 46
47 76 41
99 18 40
14 65 86
10 57 22
15 6 88
53 6 64
39 11 27
71 53 100
65 66 60
43 19 81
4 28 82
96 35 62
39 3 41
6 90 57
63 27 70
39 63 28
16 47 54
82 38 21
56 93 58
6 47 40
38 65 77
17 47 87
89 61 8
65 25 77
49 8 94
96 31 59
38 98 87
100 60 53
49 1 56
79 65 17
5 12 64
41 70 89
20 38 56
84 76 84
26 82 29
11 72 72
48 20 19
74 76 36
22 92 66
86 63 36
98 87 9
38 91 43
50 85 37
7 65 12
20 68 7
70 17 53
65 90 57
31 46 8
67 5 85
1 24 10
47 6 97
78 44 86
38 65 30
45 25 57
24 64 75
93 66 11
9 35 74
42 21 57
54 94 8
55 43 69
25 39 48
80 69 30
63 6 87
64 97 38
38 22 84
28 41 46
72 65 52
53 83 75
11 87 40
31 44 64
91 72 69
5 79 1
16 43 49
12 37 37
55 45 10
39 23 31
1 28 79
98 84 13
18 86 29
93 90 92
33 21 84
74 59 99
67 59 50
49 43 69
42 100 54
74 68 9
14 41 12
77 30 59
68 56 68
60 45 82
88 18 16
60 16 63
5 13 71
32 8 33
100 64 98
94 11 25
56 12 4
46 55 29
56 40 50
18 91 57
29 79 38
1 82 19
12 51 37
53 3 94
17 79 32
50 72 59
30 26 62
8 50 40
86 99 56
48 22 21
47 94 32
39 39 9
81 28 100
35 100 6
30 77 72
24 90 50
35 68 94
53 59 51
77 88 59
66 40 98
3 53 28
86 12 89
29 59 50
48 16 66
38 87 21
45 24 100
46 52 39
22 44 3
26 78 31
32 40 54
98 66 8
43 24 71
18 22 25
87 96 63
9 52 33
42 44 74
29 26 75
7 53 32
71 56 82
75 32 33
60 10 96
28 52 46
95 32 20
41 33 28
24 81 1
10 50 97
83 36 8
2 68 29
8 58 50
29 3 2
66 32 27
59 55 63
100 45 73
97 19 47
91 85 12
77 6 84
91 2 52
50 52 15
37 48 35
72 88 78
78 49 67
43 48 6
74 25 43
35 100 5
49 40 14
11 6 81
41 44 15
94 80 91
43 15 73
26 82 12
33 47 62
78 36 41
75 15 38
86 6 57
32 76 80
92 70 9
41 4 34
82 19 65
12 85 45
67 15 94
20 76 7
19 8 88
90 21 20
13 71 69
42 2 48
5 100 2
12 75 41
15 69 30
63 56 77
18 52 96
21 93 16
1 59 6
61 63 55
34 55 53
94 89 76
14 28 40
49 70 54
28 94 25
88 75 84
45 52 7
43 36 90
38 89 12
13 31 39
33 52 38
64 21 66
47 14 8
92 68 48
90 10 11
11 78 61
79 37 10
9 22 72
32 75 86
47 42 100
27 74 90
19 12 66
57 2 70
66 15 38
57 88 84
21 41 88
49 28 25
76 12 40
80 98 90
33 68 27
73 82 44
56 98 37
60 96 83
79 4 64
1 8 27
24 21 24
83 53 19
26 44 52
31 74 23
82 15 60
100 66 39
97 48 96
87 28 89
42 48 41
95 14 34
9 90 57
58 49 94
75 65 52
68 73 9
87 71 77
34 98 34
3 74 77
34 47 90
41 54 45
23 36 14
99 8 98
98 7 17
12 47 97
15 39 100
63 90 83
16 81 24
71 68 25
52 39 14
68 59 24
20 6 93
22 17 70
93 16 70
100 72 9
32 87 35
37 82 65
37 57 5
58 15 95
82 9 35
61 10 77
82 18 9
29 39 94
42 79 39
5 13 88
48 16 63
81 53 61
7 86 50
87 7 4
23 95 4
99 48 6
25 52 29
36 48 82
54 27 25
37 52 4
31 11 81
84 63 55
49 17 71
10 80 1
61 37 75
7 17 54
87 77 57
61 35 54
75 98 87
19 61 7
83 21 84
58 57 25
95 89 63
60 5 20
79 88 38
55 88 62
63 3 47
24 80 28
12 93 88
41 16 55
43 63 29
23 38 49
95 22 37
13 13 34
89 4 69
26 87 94
72 60 56
38 48 65
57 61 14
36 43 72
15 20 31
73 88 74
16 94 47
63 33 38
40 49 78
39 21 40
12 44 70
18 28 47
2 80 19
54 100 82
25 46 84
70 37 75
78 81 78
98 72 93
17 29 52
58 18 34
87 62 73
54 8 91
9 94 88
20 70 2
71 14 51
42 59 86
16 39 9
48 89 82
16 42 28
33 87 11
72 33 28
55 75 31
57 32 51
36 35 61
55 94 39
8 12 36
18 75 64
81 17 52
92 97 43
72 75 84
22 87 61
20 39 70
17 43 28
94 6 60
46 51 84
74 68 91
5 97 7
65 73 21
77 50 53
45 7 74
63 81 38
17 94 69
90 92 21
17 77 34
45 77 97
97 72 8
44 53 46
74 57 32
44 20 16
57 2 52
22 73 20
99 74 54
67 64 22
17 20 95
51 16 57
79 59 56
3 70 22
57 45 91
100 77 99
7 87 71
37 41 38
31 90 95
84 16 87
26 66 6
28 39 87
68 88 89
16 90 77
31 22 7
95 42 22
26 7 43
1 77 96
3 33 83
67 26 86
88 63 30
21 62 58
78 56 35
31 95 57
81 52 64
13 69 73
90 55 3
1 80 99
2 60 51
13 84 85
15 95 49
46 51 29
52 86 87
23 26 19
28 1 61
22 4 35
56 93 93
52 71 59
33 31 49
5 43 82
96 79 15
20 95 42
71 83 85
90 61 28
66 95 29
31 87 15
22 67 26
35 10 46
72 74 51
40 29 41
34 48 5
47 92 8
57 64 28
5 82 27
60 11 73
6 25 10
48 87 85
10 1 32
1 85 53
13 49 93
64 2 10
18 80 35
98 44 30
62 59 55
85 44 24
44 28 100
19 12 75
33 38 16
77 11 54
10 85 62
30 75 37
74 39 2
92 89 27
51 85 88
52 51 38
99 32 56
46 35 99
61 70 90
49 96 76
17 46 61
95 82 16
52 51 2
97 49 30
54 79 21
16 46 53
59 99 56
95 59 45
81 59 95
97 30 84
39 62 66
2 46 36
11 63 82
31 37 20
9 18 84
95 73 61
90 12 42
30 27 59
35 77 83
53 35 73
67 94 75
51 11 90
63 46 72
2 47 49
36 13 74
9 14 45
62 26 46
50 43 37
40 27 85
45 75 1
49 10 8
63 89 75
32 82 26
12 51 3
46 66 15
95 19 95
32 1 52
40 78 19
91 41 88
97 77 48
97 46 56
5 31 3
93 48 34
81 9 25
96 70 12
73 50 99
64 61 40
26 69 67
52 66 39
78 82 37
24 69 18
96 10 4
13 75 13
30 38 19
64 2 36
77 57 87
46 30 55
18 79 51
99 92 96
20 9 83
22 71 51
32 72 18
72 98 68
12 49 62
73 60 17
46 98 66
99 57 50
61 23 83
95 53 88
63 17 90
14 88 21
96 31 68
40 71 57
2 6 15
52 15 65
31 96 75
27 31 79
48 85 66
75 38 22
21 13 36
84 43 69
96 97 98
100 13 45
12 71 43
4 54 39
4 10 10
40 2 34
18 87 41
79 90 56
79 47 83
46 94 34
55 2 22
11 89 63
21 60 83
41 11 91
47 97 4
8 58 64
28 88 75
89 61 96
33 61 100
27 53 68
8 11 12
97 95 77
88 27 72
42 2 47
6 33 46
28 90 63
100 71 46
46 83 11
5 7 85
39 94 80
75 26 63
58 72 15
31 12 8
85 91 99
35 29 9
72 23 68
78 58 67
26 1 39
80 98 85
60 47 59
90 92 88
6 36 6
58 81 16
42 82 85
7 62 23
15 30 69
8 55 5
89 50 38
83 57 16
27 89 36
16 44 11
100 99 98
74 12 19
5 92 61
78 14 41
50 13 46
23 72 24
94 47 14
51 4 74
69 99 40
31 66 5
30 98 25
72 47 83
90 42 65
82 15 32
18 89 47
97 37 13
35 23 5
86 24 90
72 16 22
45 99 41
26 7 65
8 72 46
91 27 9
76 70 19
46 2 3
37 62 44
51 70 98
55 69 11
54 91 60
84 41 35
25 68 22
8 91 73
69 80 8
33 47 48
48 12 41
41 25 99
63 30 19
98 56 21
41 22 52
19 94 65
94 5 49
27 53 26
66 80 28
59 82 39
15 91 14
80 57 65
62 4 7
45 40 42
36 92 42
48 68 47
53 32 40
26 59 82
35 76 24
83 45 71
16 85 64
19 14 68
53 85 22
96 11 68
74 15 23
92 91 28
23 29 49
40 67 69
10 7 76
99 43 68
42 29 46
63 58 5
76 83 53
19 95 89
23 45 36
66 96 70
54 86 74
92 65 35
22 43 50
73 15 86
76 13 29
100 21 94
2 43 11
31 68 85
45 85 55
1 29 2
82 39 48
64 37 33
44 82 25
97 9 88
11 23 37
53 92 45
73 40 77
26 46 35
58 62 74
15 63 80
52 95 87
48 94 75
55 96 98
6 88 90
98 46 93
3 76 28
46 7 6
79 46 30
9 70 43
42 51 86
19 57 74
38 7 84
75 83 83
21 75 70
8 59 82
15 91 4
32 95 64
78 17 36
19 83 70
79 51 97
86 30 87
78 78 94
93 63 85
97 94 39
92 66 30
17 42 6
4 42 90
9 79 63
23 18 93
38 35 70
77 52 88
62 63 74
96 63 92
50 95 26
12 31 22
64 46 58
45 64 76
51 19 27
73 100 79
23 61 36
61 24 1
32 45 38
27 47 39
78 74 51
20 84 5
31 14 35
19 60 55
94 64 69
10 23 78
12 76 9
22 97 59
59 28 27
64 38 63
74 50 42
11 81 92
22 14 91
52 50 8
12 8 29
70 100 82
29 44 24
60 31 86
9 76 96
52 71 63
57 34 32
45 80 96
61 18 24
71 18 1
17 93 19
29 81 43
90 45 40
88 70 27
97 67 61
100 59 62
19 5 51
84 86 91
66 31 65
90 85 42
25 73 72
15 19 77
22 33 64
60 88 94
76 6 83
54 38 78
27 64 5
47 49 2
47 61 55
4 8 29
66 23 51
98 53 47
53 92 90
79 14 92
50 77 80
14 42 89
11 71 64
92 41 20
46 12 76
11 24 91
47 95 33
56 39 77
12 14 36
34 51 25
69 66 82
24 18 52
99 53 39
83 1 95
85 29 99
16 41 49
56 53 24
34 38 89
45 4 64
74 16 5
82 57 81
11 3 86
86 32 38
11 29 56
2 71 13
94 77 40
52 40 46
66 53 82
61 40 58
73 6 41
89 31 33
44 48 20
70 21 62
53 14 37
99 25 60
65 34 73
55 73 68
78 2 24
47 32 100
72 27 1
3 33 56
65 98 16
30 43 93
38 21 99
97 56 93
96 13 98
88 9 52
5 12 13
48 28 20
34 29 85
21 61 97
61 4 91
88 74 80
12 36 81
47 88 61
42 87 77
6 91 35
98 47 49
39 92 69
16 35 27
89 33 29
39 30 38
6 32 57
81 74 46
21 39 10
46 94 39
95 56 33
72 41 56
32 5 15
31 37 14
21 68 52
38 4 40
12 88 88
67 68 85
73 10 33
12 69 68
61 32 93
26 99 21
41 89 5
14 80 73
68 55 12
56 56 99
52 78 71
75 62 99
50 54 5
53 56 30
97 11 29
62 74 82
60 84 70
84 84 31
1 43 43
73 37 57
40 50 81
98 90 89
97 98 38
44 35 48
58 60 18
44 48 78
16 14 69
9 19 54
48 45 65
100 62 65
80 75 45
83 37 67
95 97 89
44 66 58
59 73 97
81 12 66
44 81 26
6 64 31
17 5 18
69 59 83
43 64 77
52 8 90
11 71 37
15 91 11
95 50 51
57 55 44
84 64 43
80 53 20
95 26 51
55 97 32
55 99 53
42 89 99
57 78 27
4 94 47
97 1 59
65 11 90
69 92 3
17 1 14
32 19 70
84 96 72
33 73 48
52 90 73
17 28 58
43 80 27
59 56 46
43 7 65
93 16 40
42 62 87
49 9 86
4 22 56
92 84 33
48 6 80
22 76 36
70 68 94
49 6 82
96 65 45
100 45 64
74 88 45
4 78 38
97 69 41
50 21 1
78 100 73
67 99 55
81 24 42
98 62 84
80 64 24
94 79 34
66 50 16
64 69 67
12 99 36
94 92 55
89 82 92
5 28 95
22 74 48
41 97 72
52 2 74
85 83 86
66 64 4
36 83 95
76 96 98
83 10 5
29 21 91
52 53 84
86 74 64
38 3 21
85 82 74
36 66 70
93 89 96
37 100 46
91 34 18
21 10 66
83 59 81
77 16 39
80 76 23
81 98 51
75 38 60
66 41 18
66 89 48
82 53 60
19 16 34
22 29 71
18 97 30
48 39 84
49 34 55
71 44 8
21 3 15
82 24 24
71 27 60
4 44 51
50 51 82
19 71 6
11 60 9
1 85 39
19 88 34
9 18 75
81 29 82
40 48 71
57 96 79
33 73 8
90 89 81
75 45 57
84 67 52
62 51 23
40 75 25
91 95 66
99 70 62
30 13 2
34 64 6
15 30 69
59 76 91
99 41 35
75 15 12
75 90 52
67 44 44
55 13 6
90 50 94
55 95 43
48 81 52
23 15 94
37 4 83
44 9 65
60 52 81
87 31 27
87 95 97
32 87 82
69 32 90
53 98 70
87 97 84
29 87 21
90 75 22
17 35 36
65 72 56
55 59 2
98 95 10
100 1 46
81 18 64
22 74 47
5 19 21
59 32 59
18 30 64
95 25 60
33 75 8
46 33 22
80 69 13
53 6 63
76 25 80
97 83 74
62 5 79
89 97 59
68 90 36
83 64 93
14 17 67
36 59 54
77 81 30
93 57 100
41 3 70
49 57 87
58 25 97
51 23 84
94 59 65
60 41 36
35 13 4
79 79 25
12 59 71
61 91 44
43 53 37
61 40 99
57 60 59
26 4 40
77 86 68
72 39 16
33 97 67
25 6 21
67 83 98
73 81 7
41 10 89
28 70 73
73 35 66
75 54 5
25 4 32
16 93 10
100 15 40
36 7 69
33 34 11
23 13 77
55 54 38
46 52 91
25 80 73
23 27 4
79 58 1
11 39 46
72 74 72
71 7 90
54 40 69
4 82 85
33 86 25
52 13 89
20 76 64
22 16 24
25 5 43
8 1 22
51 49 61
1 30 6
90 84 48
38 63 69
95 10 71
62 98 62
71 61 17
50 61 20
75 89 84
7 2 39
95 96 39
41 91 16
1 79 68
42 16 4
85 72 8
5 41 77
63 63 79
58 95 33
53 95 65
41 51 65
88 24 2
14 8 27
78 82 87
94 8 25
95 19 99
74 1 90
45 94 8
2 7 58
39 100 16
33 72 98
79 4 9
33 42 69
87 58 55
77 78 69
89 22 33
17 2 71
69 77 22
69 64 61
50 75 40
41 49 20
6 24 78
93 25 33
18 18 97
39 93 1
61 42 6
8 54 62
78 75 43
67 4 83
79 18 31
68 48 78
88 60 98
99 63 38
25 38 45
96 7 10
90 34 23
63 12 23
34 9 79
59 52 24
26 43 24
80 55 53
13 7 11
79 92 33
85 37 36
59 30 42
81 71 38
50 64 15
26 13 59
59 8 50
58 23 41
38 48 44
20 28 54
16 78 72
55 95 12
78 45 87
77 87 68
73 48 11
22 96 59
28 90 49
1 17 34
43 49 80
19 82 31
3 2 71
42 47 5
39 21 52
23 85 86
98 18 1
32 22 81
55 68 38
42 90 37
47 88 41
7 37 6
59 73 89
21 77 5
59 15 70
89 55 67
42 32 98
4 21 92
40 5 71
83 87 50
84 100 56
19 67 41
2 8 45
89 32 1
65 84 65
40 50 66
91 52 12
25 4 70
94 29 75
32 3 8
46 94 11
87 40 22
72 63 87
89 68 14
42 66 70
50 67 88
47 44 26
29 74 36
9 57 69
95 74 55
37 48 84
56 20 88
30 33 28
21 63 86
20 15 27
27 43 44
52 28 63
47 43 54
88 27 39
83 47 87
13 20 25
78 93 22
84 83 84
55 39 56
71 42 96
26 70 29
39 83 12
66 35 67
63 75 66
20 75 70
74 62 33
87 37 34
81 21 96
52 72 69
77 70 74
37 49 74
23 89 100
17 62 49
55 6 8
27 39 69
19 77 100
41 93 56
58 31 30
84 29 98
79 86 98
26 64 81
89 34 92
96 94 23
53 31 26
92 54 33
16 52 59
73 2 23
62 24 40
94 17 4
98 8 65
86 24 27
34 35 67
50 2 15
34 4 91
20 38 10
39 90 41
57 29 61
64 97 70
80 11 29
32 47 6
47 54 70
86 49 6
95 20 21
5 37 86
38 52 19
59 73 97
51 22 22
61 68 73
25 5 13
73 58 66
99 49 94
9 28 8
90 21 55
97 48 58
34 65 34
94 10 73
38 89 76
20 85 8
55 94 42
52 78 7
43 8 32
100 10 69
94 72 98
10 75 50
88 89 47
43 44 1
81 87 45
90 28 88
43 83 81
45 73 27
67 97 86
67 49 51
96 35 95
82 83 38
50 64 92
44 14 2
30 80 1
90 35 78
63 86 46
71 90 7
88 81 97
38 97 23
40 61 59
14 24 15
20 70 38
24 80 10
26 13 20
99 43 75
60 34 78
63 26 47
74 99 11
15 68 97
42 36 55
40 28 84
69 56 92
11 38 67
94 16 64
13 30 29
37 64 42
19 56 71
69 11 70
79 1 91
25 71 9
67 59 41
19 50 81
83 19 46
25 49 72
85 7 85
5 81 96
95 41 11
40 33 26
93 66 67
13 24 77
89 35 6
74 2 24
93 60 38
97 94 67
46 47 28
59 42 33
40 39 4
17 60 1
40 34 17
18 43 16
26 88 15
3 38 15
97 57 3
39 63 86
94 73 3
23 40 6
96 23 79
13 70 65
91 88 12
72 97 54
79 20 56
49 68 27
83 28 66
46 21 61
21 27 42
96 44 95
8 18 30
92 72 24
10 27 43
50 68 78
48 58 2
68 71 20
50 97 74
21 84 89
32 70 30
61 34 31
48 14 2
1 75 10
65 47 2
70 99 66
100 91 15
49 50 98
22 31 75
24 45 3
11 51 78
6 39 44
24 73 7
32 48 86
18 59 19
80 85 29
43 32 39
8 34 18
84 36 56
11 50 20
58 63 9
51 87 33
10 56 26
93 68 68
75 42 89
86 26 25
55 80 67
76 86 25
12 71 19
70 13 37
32 35 77
34 66 39
77 6 98
87 94 70
31 9 67
35 50 48
35 24 11
82 79 57
42 52 68
7 93 73
55 42 63
20 42 96
25 23 9
12 28 23
96 72 1
42 49 27
81 97 74
27 62 85
82 62 69
28 20 25
32 16 43
44 58 90
59 96 17
28 48 38
65 32 84
46 9 19
37 83 94
10 47 92
38 92 34
24 91 94
72 94 24
15 36 62
23 6 70
45 59 61
93 55 25
52 68 100
17 56 20
68 91 10
56 37 76
6 73 70
95 64 58
55 17 57
36 23 92
47 59 16
15 37 87
100 56 66
24 97 83
41 33 50
8 89 9
56 99 3
23 85 6
97 13 12
17 39 42
2 97 9
30 69 43
17 13 66
31 25 57
39 8 45
78 74 15
37 71 36
49 11 65
41 72 68
6 15 57
7 53 62
76 89 52
40 3 18
48 95 83
34 42 60
80 50 27
34 18 85
5 10 78
86 13 45
68 58 3
42 51 75
62 8 16
34 70 67
85 5 81
45 37 36
61 4 7
62 40 97
40 77 60
19 36 67
16 47 20
19 36 8
77 68 20
60 77 100
21 29 74
34 90 10
92 60 64
23 46 15
19 99 89
20 96 37
14 76 73
75 68 60
63 51 75
90 52 71
99 90 38
49 100 48
18 18 80
2 16 52
22 55 50
63 47 85
19 21 26
76 96 20
39 8 26
96 49 60
72 62 38
86 23 39
20 36 84
52 73 70
78 45 22
34 16 95
8 19 13
68 87 89
30 54 75
62 39 35
47 9 71
100 79 64
12 90 46
94 22 81
98 18 91
39 14 58
70 33 11
63 9 92
95 70 60
32 16 33
28 96 4
16 29 93
19 90 43
52 95 25
73 20 67
15 62 64
71 89 19
59 60 16
31 59 32
80 71 83
37 84 75
96 65 1
55 28 8
12 61 80
11 41 75
87 27 30
3 51 23
22 65 47
71 16 40
98 13 85
17 42 80
11 67 58
81 87 44
97 24 42
83 74 76
73 18 91
83 49 37
5 48 60
41 33 63
70 3 74
63 63 31
56 22 83
53 19 17
51 12 14
83 21 100
52 80 1
34 57 6
22 21 37
5 33 7
3 2 36
24 57 27
52 99 75
73 55 25
64 25 42
13 59 69
28 66 82
83 32 61
13 89 11
77 20 3
30 48 71
89 27 33
50 70 77
48 75 64
80 25 28
64 49 53
15 43 44
27 99 60
87 29 44
77 52 37
92 68 66
98 5 33
27 55 7
18 96 56
23 13 67
52 19 74
6 88 3
1 57 99
10 29 61
37 18 99
85 19 44
78 39 30
57 71 65
3 5 42
46 96 10
52 86 29
74 32 54
22 91 69
71 20 35
52 49 9
38 88 72
5 80 44
87 43 33
43 53 76
40 51 59
86 10 15
83 83 11
89 26 55
26 60 90
45 5 74
18 99 71
87 60 80
1 94 19
28 66 61
90 51 59
56 34 92
38 9 36
56 10 11
99 36 100
68 100 2
51 60 78
1 89 65
44 83 37
33 100 2
5 90 22
75 6 68
37 9 66
81 25 19
31 60 32
18 73 98
8 48 78
47 99 92
94 37 56
43 82 20
88 41 34
69 55 15
61 55 73
46 34 42
47 90 7
32 79 69
61 85 9
96 28 100
24 31 94
67 51 7
58 82 97
52 6 45
97 98 22
54 61 95
88 58 76
98 82 58
69 11 73
62 14 94
74 7 35
26 41 58
56 24 85
54 37 78
19 35 12
23 97 60
74 62 76
64 51 1
42 76 80
3 25 85
56 78 23
84 73 22
55 66 15
48 25 15
90 8 20
41 24 24
67 81 56
62 45 66
79 5 62
40 36 19
14 8 82
16 22 3
48 42 65
88 18 63
47 84 63
65 94 13
15 25 4
11 7 38
88 6 53
14 12 11
7 87 79
52 79 35
46 8 8
24 94 37
34 97 77
22 30 16
80 18 13
45 13 30
24 97 40
68 94 84
35 6 39
49 9 5
57 72 75
26 48 49
65 75 40
53 41 48
80 26 40
8 82 17
49 70 75
88 19 45
81 46 18
41 24 62
38 41 24
43 59 68
91 44 91
61 10 92
40 25 70
92 91 39
52 48 60
85 28 64
60 48 96
65 97 58
59 93 47
12 6 78
8 77 30
6 42 83
11 84 83
54 65 49
36 73 41
15 52 85
62 50 7
5 78 19
45 19 23
49 16 76
45 11 30
68 24 40
100 50 37
42 36 11
92 48 57
45 79 95
47 72 2
98 85 4
67 74 8
63 78 27
32 88 64
50 37 27
76 56 35
73 93 31
51 21 7
25 4 72
93 16 92
34 25 89
81 28 93
77 77 30
28 89 29
34 49 47
70 59 44
87 41 37
39 32 60
51 75 63
45 26 43
24 67 100
68 24 52
69 88 53
75 2 99
98 41 11
21 18 48
88 11 77
70 48 15
4 22 93
58 25 82
38 58 19
58 84 45
97 2 88
89 10 38
50 43 54
76 96 67
98 57 79
13 100 7
32 76 86
28 64 64
14 40 82
71 87 34
27 98 60
51 67 32
62 71 68
96 61 27
50 50 75
56 48 85
60 36 25
33 59 10
52 99 74
21 79 71
96 35 60
75 61 8
64 2 46
72 98 26
43 54 28
86 32 45
39 49 65
16 58 92
30 31 8
23 15 40
97 71 27
69 44 52
95 90 16
52 73 80
69 42 96
85 6 20
13 34 6
94 56 58
74 18 39
66 95 61
29 22 53
29 5 60
57 76 46
90 22 25
67 49 97
41 25 91
64 23 36
25 94 60
72 81 65
15 59 22
5 35 11
19 18 33
59 16 47
2 18 3
68 16 6
14 85 62
71 19 100
10 17 11
92 27 8
65 37 18
52 5 80
75 63 26
97 49 82
95 64 34
42 4 41
50 58 47
8 30 100
82 37 31
83 9 86
43 90 12
44 75 60
53 84 93
94 29 13
60 91 57
83 70 100
55 55 22
35 36 61
10 29 39
99 75 92
71 40 18
35 52 98
43 82 62
50 87 26
22 24 6
25 90 50
22 87 55
99 94 29
96 50 43
18 42 38
93 85 3
15 65 51
47 67 71
6 58 75
90 10 69
15 68 66
95 77 96
12 31 48
27 62 52
15 55 33
76 5 30
46 48 35
35 8 19
66 100 66
72 40 75
1 27 15
87 77 31
69 71 74
82 82 51
14 95 85
54 91 91
83 20 50
66 14 8
31 45 16
66 21 29
46 35 3
73 67 80
9 40 74
34 40 32
46 61 21
10 48 39
100 5 37
27 4 38
83 44 59
47 12 50
67 22 21
65 54 71
60 99 2
56 8 46
59 71 93
52 8 39
79 98 69
88 81 59
39 21 69
57 54 42
79 95 24
15 71 12
87 67 29
91 57 48
95 89 32
89 88 24
100 76 21
30 81 12
30 52 61
48 34 72
60 13 53
95 42 4
18 93 54
89 92 48
64 47 1
62 20 55
57 12 9
7 10 92
91 54 59
61 49 73
66 62 43
19 18 63
39 81 99
75 84 2
20 89 87
48 55 78
19 99 58
40 100 80
71 10 77
12 42 81
87 76 90
8 90 70
63 80 52
98 32 46
89 47 8
85 15 11
93 94 13
29 56 69
75 18 29
44 55 92
48 38 2
95 54 12
57 56 49
88 80 28
81 2 15
19 16 96
60 89 75
50 47 45
24 28 60
89 4 31
32 45 10
60 46 49
10 55 11
65 68 39
24 65 78
100 30 96
27 58 41
73 35 9
58 36 27
9 3 7
4 90 6
19 88 33
37 61 85
67 54 12
10 56 20
35 21 71
69 51 14
76 79 21
67 56 37
19 18 36
55 92 51
97 2 38
51 82 5
7 93 88
18 59 72
95 55 30
94 3 66
54 66 79
25 64 28
60 71 99
35 7 65
63 67 68
9 27 51
25 66 38
9 66 31
22 73 95
58 77 25
80 77 82
76 93 53
54 61 89
1 42 57
4 88 19
57 62 90
20 53 52
63 60 41
92 96 29
50 44 5
71 85 83
99 39 15
79 3 77
24 19 92
19 30 7
54 33 17
46 1 43
52 37 90
78 60 46
91 25 91
18 98 11
29 67 3
73 41 15
5 44 69
33 1 75
57 63 87
35 32 30
24 77 64
60 88 38
16 45 20
96 32 19
23 31 35
46 47 95
17 48 42
32 34 12
66 95 82
12 50 5
41 63 42
95 29 49
15 51 43
42 66 48
35 61 51
20 4 82
96 37 41
40 65 72
17 43 89
99 78 95
37 39 78
36 8 41
83 43 81
94 52 35
39 14 85
98 43 74
77 15 75
83 41 78
63 43 13
27 44 14
52 20 92
19 27 58
70 70 79
89 20 14
46 64 24
48 22 9
80 79 48
97 22 40
28 23 51
1 58 70
31 39 72
38 18 58
11 45 84
66 50 12
42 74 71
24 6 51
22 26 4
96 23 76
90 8 55
41 31 76
96 31 95
70 9 55
41 39 75
8 49 49
83 24 75
10 32 46
36 38 64
71 36 35
46 53 1
69 72 25
34 37 28
48 15 41
76 30 52
5 71 72
82 54 28
94 61 47
54 68 82
72 97 61
61 5 49
67 37 67
88 49 100
88 31 44
17 64 60
47 97 86
82 6 34
55 54 60
68 64 88
43 75 95
90 15 62
68 20 72
67 83 35
76 86 90
60 2 93
100 60 83
8 12 76
44 78 56
92 43 51
73 31 91
71 66 88
67 96 54
78 90 44
31 10 1
24 77 22
39 44 98
6 73 100
13 66 68
43 73 40
10 99 37
23 69 51
78 49 71
75 51 47
57 33 45
21 89 26
62 42 16
57 29 66
69 27 27
61 29 93
7 23 68
14 57 65
81 96 63
91 76 28
75 27 26
93 72 72
32 2 46
65 23 34
74 6 5
12 24 83
4 55 57
80 53 39
64 28 80
96 85 100
100 7 96
80 3 11
48 49 98
92 55 84
29 1 45
12 58 38
65 66 76
93 6 87
37 27 39
52 24 98
86 36 14
3 64 69
37 82 94
42 26 19
34 86 55
50 50 41
52 19 13
4 18 87
16 10 92
28 50 96
71 66 61
18 41 9
65 80 47
11 5 10
31 89 43
23 83 45
96 88 42
94 48 43
13 64 31
20 91 48
90 64 74
93 27 44
73 59 43
100 14 58
68 20 52
90 7 8
28 85 15
37 52 100
23 64 24
8 54 59
2 67 48
10 39 30
10 74 99
64 17 66
56 65 45
7 59 24
96 91 83
74 64 21
56 13 29
47 5 86
9 44 95
92 7 46
38 93 40
85 41 55
17 52 55
26 54 44
8 49 25
9 54 12
10 83 19
50 31 60
35 86 11
10 4 75
37 87 49
53 51 21
96 68 94
5 61 73
87 89 59
41 72 9
33 18 26
59 13 50
27 46 21
52 2 99
29 86 74
97 24 9
6 9 80
35 7 26
76 30 33
87 47 92
23 20 13
85 55 7
45 62 87
52 90 60
72 73 39
31 85 36
36 87 95
32 86 16
93 59 34
73 70 32
17 1 82
9 83 59
71 73 43
46 43 21
14 63 60
82 4 97
33 91 40
77 24 5
65 18 69
11 99 84
84 83 20
74 84 8
35 91 48
54 17 68
3 37 17
50 13 17
67 64 9
64 16 69
44 2 87
81 32 38
22 38 5
55 86 34
57 43 58
44 97 79
100 57 16
5 98 59
15 99 82
39 35 76
99 99 18
32 84 21
60 59 46
83 18 81
94 1 14
32 86 98
42 99 7
85 48 12
18 42 70
28 37 76
65 98 14
41 31 87
86 71 51
52 44 90
57 62 24
96 99 39
88 73 62
38 22 83
77 86 29
43 43 15
89 28 16
80 85 14
5 10 5
16 12 50
86 32 57
47 73 41
7 98 58
41 17 1
33 50 8
21 51 18
52 29 97
5 29 86
53 41 14
3 21 16
12 61 78
96 46 37
6 45 5
91 62 61
14 26 93
51 51 90
29 11 74
71 22 89
93 83 46
81 4 19
30 53 60
64 45 30
46 68 60
34 87 10
36 39 78
30 15 35
71 59 6
25 72 70
44 71 63
51 5 78
91 59 11
78 1 39
41 66 75
17 30 56
70 14 41
99 54 25
42 1 46
79 21 18
84 34 37
61 14 1
98 89 87
45 47 44
97 90 89
66 88 55
39 37 72
20 38 39
9 7 44
71 97 32
11 47 50
98 3 35
16 41 41
6 88 4
97 78 37
29 92 75
61 78 40
11 70 34
69 12 67
74 29 43
46 19 30
96 77 89
44 92 76
32 86 53
49 4 57
10 96 44
55 75 56
77 53 49
30 60 46
67 66 31
17 86 42
16 3 67
81 71 72
62 6 44
11 33 90
90 23 30
39 42 14
95 53 12
35 68 65
69 57 50
32 52 24
3 43 22
73 77 89
44 68 64
15 72 74
7 73 75
25 11 64
4 91 38
14 94 43
38 91 91
18 29 32
28 92 79
100 51 72
40 91 69
94 100 71
60 10 1
62 21 81
89 18 5
76 52 24
81 70 88
49 39 97
45 50 55
46 89 53
97 70 81
73 3 41
7 59 69
68 62 48
54 62 11
93 42 71
51 38 37
35 64 55
71 67 98
51 28 76
14 94 99
68 25 80
25 28 43
13 69 4
24 24 68
16 11 76
67 79 1
45 41 94
97 65 82
55 19 92
52 48 11
8 32 17
68 24 89
100 3 13
13 48 89
67 46 71
66 38 85
22 98 9
74 15 79
58 14 53
27 80 100
93 9 73
59 83 71
77 72 18
26 94 49
52 16 83
74 18 54
4 1 5
82 34 6
32 98 11
10 74 65
27 96 14
79 15 13
63 93 88
50 68 93
92 50 48
76 62 72
34 8 31
78 24 4
33 6 50
26 87 45
93 47 31
24 38 74
98 79 91
92 63 82
36 55 49
9 95 64
43 44 27
92 28 11
40 84 73
31 49 86
91 80 27
3 84 36
31 46 82
40 18 7
50 87 29
6 35 92
82 41 70
84 35 30
53 9 88
47 41 34
37 10 91
70 83 25
64 19 32
60 97 88
53 70 69
98 56 34
46 18 28
14 61 60
85 57 8
53 68 52
5 42 93
30 12 99
85 87 16
98 88 60
62 88 71
72 23 35
30 40 36
12 15 78
33 2 42
36 57 56
4 74 7
19 90 40
19 97 83
8 41 18
73 94 20
14 11 23
25 77 39
33 94 58
50 12 88
59 10 90
18 46 42
11 53 55
24 51 87
7 58 78
64 1 53
73 66 81
96 26 69
93 28 52
50 22 47
60 53 27
93 30 94
6 89 81
5 90 28
13 83 68
91 33 65
63 59 11
60 8 10
25 36 81
54 14 60
53 67 37
34 90 24
55 13 83
27 37 51
5 92 18
28 12 89
82 17 39
87 21 44
13 29 53
48 66 8
96 72 17
85 86 89
74 21 21
37 53 46
1 28 23
11 72 22
82 43 34
49 50 20
41 27 95
14 11 2
65 66 17
4 100 82
39 10 56
26 39 13
46 18 52
57 18 23
68 100 57
79 4 44
52 3 43
15 58 22
22 45 6
40 82 46
69 24 57
88 59 98
90 77 76
41 49 62
86 54 44
18 43 44
72 27 34
66 5 45
60 13 51
36 68 63
32 76 30
13 63 12
58 98 48
26 4 78
60 95 100
28 2 47
52 28 6
70 61 70
18 5 60
78 89 6
22 1 88
76 18 52
27 26 24
33 52 65
76 15 82
51 34 76
34 94 28
27 31 95
94 24 75
19 41 71
52 91 39
61 44 8
72 65 98
38 47 68
9 73 2
58 2 82
33 72 21
47 29 66
87 58 34
23 85 63
75 48 71
2 37 73
82 28 45
48 35 89
67 33 56
73 68 39
66 39 72
54 89 55
21 11 65
54 60 66
4 11 67
9 26 88
83 65 85
4 36 93
95 95 46
100 92 39
79 29 15
88 35 11
69 86 65
25 81 92
94 51 58
41 89 61
41 51 66
12 82 95
11 3 40
6 19 73
63 38 19
92 91 17
74 29 44
79 66 55
33 51 96
48 65 25
24 27 72
74 52 95
11 29 39
37 7 95
88 57 93
31 64 32
78 10 34
76 56 33
66 1 8
100 69 63
83 12 27
9 2 8
84 16 2
31 85 61
14 27 14
41 28 88
32 51 53
19 71 16
75 21 46
56 85 47
93 39 49
56 63 41
79 49 43
25 86 44
40 44 86
85 10 93
60 1 56
100 63 69
29 93 50
10 62 8
41 28 72
4 98 33
65 2 84
80 19 31
52 100 52
30 10 51
40 86 61
84 56 85
23 75 57
9 42 94
32 18 56
25 51 52
65 6 46
72 45 66
8 47 88
62 73 100
80 50 14
91 41 71
81 86 35
18 23 20
80 76 44
62 43 77
88 57 3
92 5 31
58 74 71
89 32 49
4 77 16
28 71 57
15 97 21
83 35 77
67 27 15
77 49 99
72 67 25
5 10 21
79 1 24
64 22 60
65 39 9
97 5 80
15 30 43
9 6 73
28 92 2
63 7 87
38 83 89
14 95 91
49 12 85
74 31 44
88 94 41
94 3 83
89 81 21
98 97 36
31 74 55
86 55 42
46 65 99
44 13 17
53 22 95
48 5 5
23 3 99
18 75 38
64 64 93
16 97 94
93 68 36
45 67 64
7 46 70
29 84 19
4 45 30
46 95 43
62 28 91
80 60 90
33 27 57
90 3 40
51 97 34
23 41 66
39 46 7
10 86 5
25 18 1
77 23 70
46 27 99
87 62 11
62 87 81
2 59 93
46 5 1
61 14 18
95 86 95
52 88 1
58 71 99
18 20 28
28 59 85
65 47 32
4 38 75
97 23 13
27 98 37
66 50 97
56 32 41
37 62 11
52 36 21
38 39 63
61 81 89
7 47 30
4 40 51
60 55 72
71 31 57
31 35 31
77 88 69
94 62 87
17 98 50
6 90 76
88 98 64
81 10 90
57 34 64
4 83 75
91 5 31
1 28 33
81 83 22
53 18 4
39 39 57
98 83 72
36 26 48
76 94 97
31 19 47
47 71 87
5 69 58
46 7 15
10 34 6
26 99 75
94 98 37
85 80 2
100 47 30
70 36 60
26 5 70
65 66 26
100 87 69
26 64 25
50 80 69
61 21 78
53 64 18
70 90 86
8 84 61
45 70 69
70 32 24
4 28 77
6 82 35
12 65 47
17 69 43
12 46 96
94 77 6
30 33 29
72 71 89
35 81 10
21 93 15
39 26 62
97 13 38
57 21 28
81 78 69
96 73 20
23 95 88
59 75 63
5 80 77
79 70 44
58 34 94
25 79 47
67 37 9
38 81 30
43 64 51
48 41 42
8 88 44
23 94 60
47 70 36
2 75 36
79 48 74
51 100 37
82 49 26
22 63 75
60 23 91
42 59 90
44 31 19
11 20 65
65 70 1
38 81 14
56 45 3
6 32 85
93 48 91
27 84 80
70 97 25
30 75 29
33 63 30
45 66 81
66 57 55
37 8 79
92 96 53
61 13 72
38 37 66
33 25 82
22 20 61
49 5 14
85 95 51
52 74 25
73 7 48
14 43 71
36 97 4
16 84 42
43 32 68
65 65 65
5 84 86
15 35 48
38 25 12
57 27 70
7 57 64
74 67 69
38 40 24
70 88 84
88 58 2
51 30 72
52 7 39
32 33 99
47 38 88
29 84 67
37 84 93
88 34 23
37 92 36
73 73 96
33 55 48
95 47 49
84 86 91
11 71 64
29 27 64
3 31 68
69 10 13
37 82 84
46 10 28
40 45 37
31 24 50
67 43 45
16 36 58
8 9 92
42 73 59
36 60 52
35 93 61
52 75 26
3 65 29
96 38 91
46 4 52
70 77 45
5 13 39
1 88 1
61 27 92
3 37 71
53 15 31
100 47 62
97 55 92
96 25 65
51 58 60
76 86 3
49 31 54
13 69 65
21 46 74
19 97 47
7 6 100
5 41 5
4 19 19
6 17 67
88 11 70
81 3 92
9 77 63
13 37 82
14 47 5
51 31 29
28 99 84
64 97 24
53 95 76
64 53 26
51 87 30
17 83 23
47 85 6
89 58 79
11 87 75
82 13 16
9 69 51
37 96 89
55 12 12
59 60 93
100 53 48
70 98 3
83 76 1
90 79 92
33 62 3
77 100 97
99 45 20
53 22 50
98 7 95
28 2 52
84 90 76
86 50 3
19 26 75
64 99 26
63 73 44
48 79 44
92 19 87
99 99 10
73 46 8
6 47 87
98 7 85
15 36 38
26 100 51
36 47 25
93 21 9
71 62 46
93 10 97
61 29 23
25 98 60
32 34 20
43 76 35
81 8 29
82 78 54
66 64 95
52 61 56
45 74 94
100 72 62
65 81 62
46 5 48
2 95 49
89 80 70
53 12 92
99 31 24
51 17 28
28 76 57
48 60 46
73 71 77
38 84 44
67 96 67
74 47 88
40 83 3
10 47 36
99 89 80
5 43 13
34 70 46
7 5 40
22 22 89
3 74 47
40 12 19
92 11 51
72 41 11
39 78 9
82 13 29
40 81 59
77 87 74
43 30 74
76 86 86
28 88 84
56 91 19
90 62 70
29 29 87
96 4 83
15 93 8
88 87 71
9 2 33
59 65 98
45 31 76
23 38 63
91 36 94
71 72 95
55 31 77
12 59 4
13 66 22
28 57 39
10 12 73
30 48 13
31 43 67
50 84 56
37 81 45
29 53 61
62 46 86
90 73 51
75 3 29
30 2 75
16 17 30
85 30 9
66 84 31
56 26 41
69 2 28
90 48 24
73 25 41
100 71 59
94 3 6
71 100 51
64 68 13
81 2 64
96 49 21
84 79 59
80 32 42
34 100 85
11 37 18
3 32 32
50 80 83
26 49 77
6 45 76
22 42 42
38 86 67
31 70 88
31 12 88
44 94 32
47 57 74
80 57 65
77 17 36
26 35 29
81 50 8
3 89 54
64 89 66
84 51 12
13 5 62
47 96 11
29 26 62
69 29 65
95 6 88
95 51 16
46 47 39
8 37 28
74 21 25
90 90 54
94 67 66
52 57 42
90 93 58
15 97 92
85 3 80
7 38 95
27 84 29
58 59 41
55 70 76
10 18 7
67 33 97
24 53 37
25 28 58
94 21 76
22 98 76
58 6 22
40 38 95
52 100 66
5 24 84
9 26 85
74 12 11
95 56 28
6 42 76
50 62 61
46 83 71
7 24 39
42 30 73
98 72 82
58 35 20
21 7 61
93 6 13
21 34 44
97 4 71
73 66 63
63 58 3
20 44 53
38 69 74
61 22 30
31 93 19
79 91 15
77 73 99
17 16 70
44 71 5
70 52 53
43 59 87
23 20 100
3 28 83
51 88 63
74 25 59
32 12 75
36 69 37
7 56 45
14 19 73
65 78 48
9 29 11
36 49 35
52 39 31
100 54 36
78 88 59
48 69 72
1 10 44
29 43 90
38 43 39
69 76 53
84 47 26
53 45 59
38 36 17
36 30 75
49 93 85
36 92 100
86 55 2
70 58 59
70 57 71
61 82 72
53 28 20
56 22 23
84 35 11
62 61 79
65 82 42
43 23 29
77 95 100
38 38 17
90 82 53
70 19 94
71 38 20
48 65 2
12 81 58
84 76 42
21 6 55
44 32 69
44 36 40
39 33 90
76 42 41
22 16 49
38 99 93
80 19 46
72 99 29
25 90 46
14 37 75
27 43 88
99 4 75
26 43 57
7 79 84
78 63 53
76 44 49
6 50 43
75 94 27
50 6 97
3 70 87
76 25 23
4 68 18
51 38 22
86 78 82
18 71 85
77 26 75
76 81 14
42 54 32
100 11 59
9 75 34
55 64 38
22 47 70
81 49 52
39 1 27
81 91 17
43 17 73
7 78 22
35 66 92
50 38 84
6 42 62
40 72 16
45 18 20
17 90 42
79 18 38
3 3 72
89 7 37
93 13 20
95 72 7
17 8 14
47 43 60
59 38 64
6 54 6
82 27 10
84 71 91
28 82 4
32 17 24
88 60 48
55 64 21
89 10 69
54 59 76
77 30 68
63 97 100
43 27 2
10 68 47
10 79 2
23 51 46
43 67 18
66 12 21
73 8 58
75 69 29
21 35 15
22 51 50
12 23 90
35 24 92
57 16 42
42 94 26
77 87 66
45 25 76
21 91 89
10 20 62
36 55 15
22 41 27
80 47 2
86 63 27
13 79 7
96 53 62
53 72 74
8 12 8
1 81 61
84 52 57
87 40 58
20 89 61
16 87 29
81 91 41
92 70 10
34 79 78
43 98 62
17 88 46
82 32 56
16 34 9
44 9 17
46 37 30
22 51 9
27 73 100
20 4 69
48 11 65
6 15 37
86 43 19
56 76 7
74 25 54
16 90 7
75 99 33
70 91 31
62 67 55
75 90 27
58 59 3
100 47 27
97 65 81
45 75 93
59 72 73
35 1 46
4 18 75
69 82 6
50 38 78
47 6 70
77 53 58
83 50 66
47 63 27
73 24 21
45 25 37
66 1 32
47 27 15
54 47 83
96 76 56
87 20 85
29 61 82
25 96 83
60 89 47
45 91 73
36 91 7
68 74 12
82 8 54
50 72 69
6 4 73
1 56 17
57 33 75
9 18 27
74 84 58
38 76 84
3 71 72
86 46 24
88 75 85
14 40 5
74 14 80
100 47 44
19 74 3
51 90 1
6 7 57
58 15 62
81 25 45
71 81 85
44 36 21
82 72 61
58 8 92
5 90 34
70 24 4
85 16 73
63 99 54
89 65 63
51 88 9
100 62 75
44 62 80
45 27 32
47 94 66
70 41 66
29 100 24
25 56 61
68 51 78
62 18 15
43 80 82
94 80 78
32 35 79
24 86 9
95 69 76
68 85 56
63 13 7
85 54 12
59 64 71
49 1 34
10 34 10
38 17 30
12 13 81
69 53 5
70 40 78
9 48 71
81 5 21
75 78 47
70 17 80
9 73 21
24 38 70
69 85 88
76 37 5
91 97 83
59 27 41
69 55 49
46 87 12
75 71 83
48 8 54
2 13 26
53 43 92
32 81 53
36 48 36
1 29 97
61 87 99
5 23 70
24 31 54
15 92 31
80 20 42
95 11 75
73 87 94
26 73 83
77 71 27
36 90 31
47 69 72
65 99 74
61 7 79
86 94 92
31 87 57
84 75 91
5 67 75
74 47 8
85 6 47
74 69 55
14 84 14
29 67 10
88 81 86
77 85 76
29 25 1
85 96 66
80 28 74
75 21 45
42 36 77
75 13 43
62 76 73
81 14 19
76 21 61
96 82 61
27 92 43
90 31 32
31 9 16
25 73 78
86 95 100
19 57 100
40 7 99
64 19 35
33 5 32
88 93 60
2 50 49
51 9 45
62 32 72
18 75 95
71 38 7
8 45 91
35 45 77
19 41 61
24 60 97
4 86 48
97 6 54
54 87 6
100 79 22
62 29 95
53 30 36
77 39 32
89 88 75
94 9 53
19 60 69
7 35 53
56 99 9
25 8 78
78 69 89
13 28 59
28 55 9
31 47 1
82 48 28
57 28 22
35 61 22
76 6 68
2 58 95
36 24 69
7 9 100
44 31 53
18 76 18
100 92 81
12 25 58
4 78 70
23 59 18
54 56 35
19 79 90
78 54 34
56 86 43
5 2 53
93 40 11
47 18 3
26 97 45
55 57 15
83 24 91
48 99 100
57 76 94
76 6 74
50 58 8
14 36 45
59 8 59
54 4 1
47 24 37
55 10 93
62 95 3
9 67 78
21 35 29
1 93 64
41 34 3
24 13 75
61 42 5
22 21 58
53 97 24
59 13 62
88 77 51
97 72 50
28 82 74
49 15 19
39 96 10
63 21 74
71 1 71
18 41 1
92 90 1
75 81 27
23 57 57
14 16 31
1 23 61
61 76 33
65 98 1
46 73 34
51 22 9
29 50 57
14 40 70
88 19 94
71 88 16
3 65 88
98 68 45
99 12 76
20 14 20
96 44 20
68 95 90
95 10 67
67 40 28
35 71 21
86 43 24
35 78 24
86 23 100
50 88 67
34 35 25
99 62 12
94 95 42
13 79 14
94 36 10
33 16 36
27 12 36
29 31 15
52 99 85
58 18 35
54 2 87
73 10 25
99 15 68
65 83 13
87 30 65
25 25 83
96 80 72
35 14 56
31 59 21
66 88 14
93 37 82
38 80 56
68 33 70
36 69 30
80 91 19
47 98 6
50 31 95
21 76 88
40 52 34
80 36 98
43 73 9
30 82 24
72 15 15
95 12 6
82 79 47
86 41 36
76 15 60
58 35 11
34 45 93
35 24 23
3 24 54
63 98 80
65 66 60
94 1 8
69 85 48
31 56 13
96 58 42
99 43 58
32 97 64
34 2 7
5 16 47
12 45 75
59 63 82
84 38 9
29 49 56
64 50 52
54 66 78
42 82 99
41 45 65
45 26 2
47 85 83
71 38 50
69 90 56
55 68 32
33 89 17
29 24 8
56 90 15
20 97 93
49 44 19
45 56 92
68 70 43
53 27 25
100 15 43
52 64 92
44 52 25
4 47 93
30 52 69
38 36 23
26 78 52
32 42 71
22 10 2
69 72 46
82 55 30
8 57 68
1 8 27
70 73 12
61 54 82
50 97 65
93 87 3
18 91 39
31 88 59
34 78 79
40 79 78
54 65 78
98 64 24
94 36 9
54 76 64
54 54 65
8 92 59
41 37 21
74 98 28
21 52 57
96 38 93
19 29 23
9 20 37
70 91 55
56 13 47
63 24 11
55 83 40
84 89 16
75 67 49
14 14 86
13 71 54
33 5 67
19 76 35
17 95 43
100 23 12
73 34 99
7 14 71
26 13 36
35 35 35
57 53 34
76 74 15
39 48 10
40 40 73
59 72 65
94 34 86
84 89 15
24 64 21
97 79 74
73 4 14
25 50 9
13 83 20
87 24 45
94 26 52
7 14 56
7 76 50
37 87 60
42 77 63
38 81 75
98 89 12
51 75 40
40 67 38
76 77 23
12 71 7
1 84 37
32 86 44
65 81 37
94 53 40
11 21 43
1 35 80
95 20 33
50 79 91
76 82 4
60 51 51
91 20 79
7 99 14
72 59 31
52 85 65
57 48 37
91 54 97
60 35 62
61 99 16
73 91 86
47 33 5
60 75 83
57 91 26
20 2 34
21 37 45
54 51 69
63 40 26
9 35 7
90 21 8
78 25 63
36 89 81
7 67 63
86 3 35
85 8 21
69 34 71
1 80 39
76 8 79
9 84 70
85 19 67
53 34 77
38 49 57
77 30 50
15 77 98
42 47 24
1 10 18
5 69 66
17 8 42
86 7 85
66 12 54
46 98 29
21 2 67
45 13 17
7 75 50
66 63 67
52 95 46
38 83 77
56 66 30
21 55 97
6 27 36
51 16 65
55 45 5
42 59 41
38 72 21
60 6 91
1 96 37
72 53 38
91 36 85
76 19 39
17 5 30
93 72 82
12 50 85
78 89 44
75 86 95
15 84 73
9 39 33
37 12 9
32 39 74
56 10 47
13 94 17
26 80 82
15 76 57
34 32 61
14 12 70
19 34 89
29 68 10
80 59 8
90 10 96
62 47 6
48 74 85
92 21 1
93 44 88
87 42 43
69 5 85
100 10 55
8 35 41
9 88 53
41 20 9
7 69 96
29 57 43
60 75 27
11 3 79
71 52 84
28 29 7
20 96 1
1 1 87
63 7 4
22 62 47
20 25 4
67 24 91
91 2 15
32 80 51
76 41 3
24 74 36
84 69 10
23 10 38
56 76 71
25 68 27
99 1 60
18 96 10
25 91 3
33 94 95
93 73 71
42 90 53
66 58 4
67 77 78
52 23 56
39 5 90
33 13 86
77 56 19
45 55 72
36 36 36
28 80 22
23 46 3
56 52 66
32 61 57
45 95 35
45 6 23
49 100 19
35 31 34
94 43 16
48 76 85
77 75 45
82 46 49
83 13 10
37 71 9
62 85 64
4 84 99
12 62 45
79 98 31
15 35 94
30 92 20
61 68 64
58 3 95
1 18 13
86 34 69
98 97 15
28 87 97
96 26 85
87 79 26
78 58 87
35 30 11
100 49 49
36 7 76
32 9 2
81 45 69
87 4 61
41 48 73
70 59 42
6 2 41
59 1 95
59 92 72
1 20 2
36 21 56
85 20 83
97 98 90
9 32 93
93 6 88
57 73 41
48 60 88
70 69 95
34 94 83
17 2 61
48 84 72
62 52 67
70 48 3
95 41 68
18 97 72
88 72 34
6 17 92
62 93 20
85 50 94
14 15 72
9 99 43
15 47 82
9 49 1
100 28 43
8 72 57
35 65 15
52 36 54
71 95 54
94 36 97
39 17 76
74 22 56
83 2 88
74 35 6
96 19 94
17 32 38
5 95 1
58 6 71
51 3 60
73 30 24
52 19 50
90 48 12
10 63 73
47 25 21
67 99 4
2 83 51
56 24 100
57 48 64
63 82 66
85 10 10
56 86 16
7 19 24
38 19 29
47 87 81
55 15 35
100 88 72
64 17 59
4 80 94
10 91 16
95 86 71
21 5 77
44 31 19
37 3 90
77 23 23
7 82 12
91 96 44
7 18 69
38 52 75
55 44 94
30 33 62
3 13 63
22 73 26
4 48 50
12 77 71
93 1 80
23 39 21
64 33 25
44 29 18
9 50 54
40 12 25
93 27 23
94 98 58
7 51 45
35 55 8
40 61 88
92 90 9
30 77 67
1 30 8
20 74 2
81 5 23
60 70 20
93 1 79
76 78 28
60 64 75
94 49 86
26 74 33
20 77 2
8 13 35
98 83 51
63 69 83
38 54 22
60 67 100
93 72 61
17 56 46
29 85 55
90 24 77
24 39 8
29 44 34
85 57 46
20 66 100
61 37 58
82 77 46
99 68 33
38 65 30
22 19 42
85 52 62
53 9 92
60 55 23
59 90 56
79 74 27
34 50 35
21 46 75
71 35 83
1 10 57
85 2 29
60 71 100
42 52 63
98 42 39
82 28 32
74 56 10
42 43 31
74 91 6
30 62 65
63 62 12
98 73 19
15 5 13
97 34 14
83 43 60
84 91 52
33 6 94
85 31 11
58 90 58
73 32 67
5 93 96
96 13 7
5 12 99
60 66 62
33 70 41
93 59 38
7 1 62
2 10 69
74 91 43
82 46 52
47 42 26
15 77 53
30 29 40
7 7 24
2 97 13
69 40 12
74 59 34
35 1 78
26 10 22
73 18 37
48 69 32
61 92 91
56 95 65
90 10 100
11 83 98
77 15 95
97 75 86
1 68 61
47 31 26
100 57 8
58 62 86
39 7 22
1 82 41
6 69 21
60 53 67
94 95 72
58 60 55
40 89 12
16 60 56
59 33 53
14 93 85
19 86 11
25 68 87
53 25 26
48 75 38
39 57 20
41 37 78
2 55 45
79 31 81
63 90 70
41 1 33
67 53 98
22 83 22
31 98 76
73 72 96
58 18 95
68 71 59
62 96 19
42 5 73
83 56 95
32 21 73
32 28 45
34 22 48
99 47 77
52 69 59
87 48 29
15 70 83
83 21 66
53 15 49
5 17 70
6 67 41
95 9 27
91 8 19
40 78 89
55 41 14
86 99 88
94 47 45
84 99 80
9 75 70
34 76 41
5 2 44
80 31 67
14 58 57
81 56 62
54 15 67
45 12 17
18 64 25
48 24 88
80 43 85
52 21 50
85 90 46
66 73 73
51 94 71
50 48 17
30 33 72
98 77 28
74 68 94
52 26 25
1 1 16
23 13 6
23 74 84
15 84 1
17 60 4
18 87 42
70 85 42
95 73 94
41 5 50
56 33 61
69 80 45
8 32 45
66 45 15
95 16 89
39 18 89
96 62 83
74 10 27
87 69 98
56 85 87
45 90 86
46 85 56
27 75 3
60 83 9
74 63 80
63 25 30
27 78 71
81 46 71
3 11 56
13 46 55
58 42 99
70 71 92
60 8 86
37 60 66
65 39 8
9 89 61
23 92 99
35 23 71
21 97 24
9 14 15
41 74 92
4 96 78
96 85 72
35 86 83
54 46 1
8 17 78
37 62 32
24 43 100
91 65 78
94 20 5
35 9 96
62 35 36
40 37 69
40 24 48
63 86 69
36 36 11
44 5 31
64 75 4
53 99 74
81 79 1
93 91 18
83 12 14
44 11 94
20 77 92
64 6 54
65 66 24
37 60 23
18 29 39
31 83 28
32 79 46
7 53 61
70 15 21
29 56 62
32 23 83
71 88 22
7 11 6
54 7 91
45 29 97
91 41 93
64 47 4
77 47 63
95 37 72
42 5 21
91 24 16
63 10 62
87 66 51
42 60 51
42 73 48
24 65 57
7 65 4
29 28 93
100 94 84
61 5 16
53 24 41
77 79 7
99 90 13
28 19 83
5 39 84
41 4 57
19 67 11
38 32 7
100 53 69
25 47 83
19 26 93
57 71 47
59 48 80
74 11 13
62 30 93
51 15 71
15 20 33
1 90 54
11 91 59
6 78 6
46 74 49
86 39 11
95 87 13
31 87 1
87 96 49
59 94 81
34 22 63
9 96 49
65 77 43
8 65 26
64 10 99
17 100 96
65 31 90
90 89 17
75 40 78
56 8 65
51 77 46
58 86 58
63 7 62
41 29 31
10 37 49
93 100 16
20 73 91
85 59 86
22 39 91
11 33 36
43 93 35
2 50 3
90 84 8
25 42 41
50 94 15
6 39 99
64 57 24
88 87 51
26 94 59
37 3 77
73 51 37
61 65 21
52 23 84
51 14 22
2 99 9
95 74 19
30 67 16
85 12 90
64 41 57
27 45 25
47 76 23
35 9 44
95 40 21
45 45 98
70 77 80
83 75 65
38 78 74
15 83 75
92 10 98
56 28 40
69 7 42
62 30 95
76 82 50
63 81 3
64 33 30
29 34 37
52 50 48
52 38 5
49 67 34
39 9 44
59 90 41
39 82 42
33 90 13
73 27 74
12 26 75
56 47 98
51 42 98
68 71 28
23 90 26
31 20 62
24 32 47
82 73 2
91 6 60
90 41 91
4 67 91
36 11 21
27 87 61
51 40 44
92 30 64
59 65 77
53 70 33
100 25 74
61 41 72
50 26 34
47 81 5
92 96 81
24 14 47
3 99 88
34 54 23
88 20 81
84 60 51
44 67 4
16 79 89
2 30 17
98 46 15
69 48 48
84 85 93
77 93 6
17 6 24
33 44 30
72 29 95
16 26 8
61 18 21
100 95 91
11 12 23
99 24 53
10 54 42
66 27 52
44 9 76
33 8 43
33 53 93
65 48 22
69 91 73
87 80 33
93 51 16
28 14 8
57 49 73
9 100 47
61 27 81
75 17 91
47 91 61
60 71 66
67 77 37
62 43 50
51 85 8
65 16 54
87 95 6
67 8 18
14 32 94
67 87 68
64 63 19
15 18 90
70 92 5
88 67 43
82 34 12
92 41 48
17 73 68
12 40 99
77 21 22
94 63 99
62 51 36
56 83 74
56 98 2
21 91 67
67 27 16
70 88 37
64 9 88
41 17 94
53 13 34
2 40 83
49 70 81
22 36 57
83 2 51
44 31 86
16 20 80
93 70 59
65 92 44
17 23 37
49 58 43
95 90 24
25 20 28
56 67 76
21 9 79
24 81 81
68 24 21
37 86 96
89 26 16
33 49 94
97 59 59
12 35 2
79 90 9
83 2 63
28 63 55
98 60 22
90 61 77
100 92 8
36 48 12
83 14 64
15 76 91
96 68 33
7 96 76
27 55 21
64 50 10
19 63 52
69 31 64
5 29 3
48 7 95
24 76 3
54 14 84
80 97 51
66 74 57
33 1 2
23 89 9
75 88 59
93 71 92
53 92 36
42 3 98
64 88 10
97 70 60
62 91 90
96 55 55
4 25 39
76 16 83
34 54 74
92 56 96
69 84 55
61 97 19
20 37 80
68 13 67
93 6 25
37 77 85
98 11 52
43 77 75
65 25 39
69 95 90
5 87 94
22 29 69
74 72 50
37 60 49
24 12 26
79 72 99
29 51 49
79 78 62
73 32 21
38 73 67
82 2 15
16 69 90
80 6 83
35 91 43
12 98 60
99 71 82
100 2 85
98 76 93
42 33 45
18 55 73
20 44 70
41 57 13
72 57 51
65 26 8
20 53 94
19 92 7
35 44 10
82 38 68
2 71 51
75 79 10
11 50 28
97 44 64
41 97 33
17 6 47
71 100 89
37 20 4
82 59 98
11 12 48
92 1 70
21 89 33
67 99 45
91 20 4
76 29 49
27 9 52
4 54 63
79 26 70
71 9 41
53 20 4
55 2 56
61 73 17
54 52 44
46 33 86
37 72 89
67 98 13
12 85 65
36 2 55
73 97 55
94 55 60
43 44 42
51 40 56
21 81 19
74 73 14
14 98 25
34 64 87
63 4 63
13 77 31
70 32 1
84 23 68
48 15 77
80 23 86
95 97 16
80 55 23
49 48 36
78 43 54
64 99 7
35 68 68
41 18 1
2 40 19
89 83 4
4 99 20
38 66 38
64 11 66
3 9 64
34 45 10
73 55 4
78 62 92
33 31 84
31 90 26
82 68 74
3 85 31
76 49 98
33 41 2
10 13 78
2 10 20
74 72 13
47 90 15
22 87 63
32 34 10
73 41 59
15 21 75
11 48 63
84 82 32
89 22 57
37 70 13
5 32 49
75 66 99
50 82 83
62 49 65
79 13 57
26 45 99
51 50 1
65 69 42
30 92 94
34 1 47
31 56 10
25 40 38
98 70 75
65 50 38
73 23 15
1 37 16
34 5 17
62 40 52
93 5 49
57 66 6
35 57 72
36 15 3
55 21 32
85 27 37
71 34 93
74 22 25
56 40 18
83 57 76
59 13 77
58 16 17
87 1 11
88 18 35
65 28 85
74 53 73
53 84 66
31 22 72
62 55 6
83 80 3
81 94 92
53 41 61
61 7 63
4 95 9
49 4 80
58 8 58
77 3 59
59 26 24
51 96 88
75 30 29
42 27 87
99 7 77
56 4 22
29 100 49
55 17 30
89 39 57
87 66 1
62 7 45
62 23 69
37 17 23
44 29 3
67 62 68
68 23 28
2 91 93
85 27 94
37 68 65
64 98 11
2 79 79
42 89 9
44 33 40
77 83 46
46 65 10
73 1 25
84 82 99
86 23 85
2 19 72
41 42 67
69 61 45
88 30 97
77 73 31
6 63 60
66 50 25
12 29 67
55 94 98
6 50 71
11 36 76
6 50 29
67 61 35
73 35 86
2 42 54
39 2 18
90 89 12
62 3 20
61 93 52
41 92 22
26 95 97
72 89 35
90 8 47
65 43 78
14 26 63
68 13 17
47 76 77
55 70 11
45 25 24
63 75 16
14 84 89
26 52 90
99 50 3
69 52 45
23 85 79
66 57 60
76 99 91
82 94 60
9 79 30
22 30 2
89 16 71
22 10 91
71 91 24
87 36 97
69 30 91
45 21 32
94 86 74
55 53 55
94 68 41
12 3 5
43 14 38
55 97 45
94 61 71
95 35 7
54 19 85
27 90 74
30 38 76
42 22 99
98 80 31
24 12 63
81 26 88
88 24 52
31 23 52
14 36 57
66 2 18
88 38 35
87 38 82
87 23 22
91 21 34
93 96 91
93 94 17
48 78 8
98 15 30
94 37 25
91 28 56
39 74 19
27 67 28
27 76 90
37 37 18
27 92 60
97 96 51
6 88 64
10 22 61
2 68 85
7 58 74
97 34 83
42 24 93
61 74 100
20 56 43
62 89 69
91 24 74
79 13 41
89 7 74
14 65 1
100 33 51
94 26 86
84 96 26
52 76 94
75 25 6
51 48 39
90 16 99
44 55 46
66 45 34
25 15 51
13 67 100
41 31 5
24 36 92
50 75 15
15 1 84
37 3 54
70 62 76
99 79 45
84 42 67
71 68 100
5 28 68
100 97 12
39 7 74
55 69 3
11 36 17
59 22 50
22 47 99
30 62 15
79 29 74
88 72 50
77 86 3
53 62 63
70 13 63
72 20 81
55 57 64
61 40 1
8 22 20
21 27 9
100 49 53
71 7 72
77 71 40
51 33 53
80 51 8
9 1 70
91 37 75
5 31 100
13 41 66
39 63 98
40 67 12
31 63 55
85 51 22
49 91 46
66 55 100
91 13 59
4 86 69
62 52 96
56 56 24
7 30 22
75 40 54
71 57 19
12 3 50
46 24 30
10 15 23
85 71 5
6 66 61
34 96 72
4 36 14
19 68 2
40 19 49
12 52 52
7 44 79
48 91 58
92 26 41
41 73 55
66 39 32
51 88 76
25 79 88
63 83 53
43 42 14
86 35 4
80 47 38
32 14 81
72 8 89
75 71 23
19 26 17
42 98 90
87 66 3
57 47 40
74 48 79
64 32 46
72 33 55
74 28 11
95 35 59
66 6 62
32 65 79
97 100 48
37 59 33
9 65 19
26 54 62
91 65 46
25 76 54
79 25 77
43 89 29
80 10 71
54 76 56
66 38 72
34 57 15
96 32 2
31 63 5
68 13 72
63 57 37
17 19 46
82 19 95
72 90 26
89 2 46
89 72 100
32 23 51
47 14 41
19 52 62
21 80 95
20 81 80
67 86 98
93 59 38
80 70 87
17 69 48
33 82 80
18 50 10
8 98 13
28 36 88
34 75 16
40 7 56
94 34 23
91 52 42
63 14 1
72 56 20
70 46 19
90 88 73
53 3 33
26 63 55
95 6 18
42 43 83
92 32 63
98 50 23
99 35 38
96 23 66
61 60 62
22 98 88
19 12 49
79 7 24
92 85 75
16 94 62
59 85 39
19 82 64
94 8 5
42 32 79
14 81 54
69 72 4
14 14 40
82 93 88
78 39 15
12 65 76
23 53 56
14 45 98
36 53 91
23 30 46
71 93 85
74 53 63
60 38 86
59 87 29
60 38 100
4 20 13
31 43 38
13 16 18
59 87 94
15 7 35
38 36 36
77 86 6
99 10 98
30 20 15
32 68 21
67 18 81
25 51 90
56 8 97
66 83 89
67 23 41
7 66 69
87 67 5
45 6 59
59 14 85
5 22 37
75 62 55
21 92 69
92 33 13
60 27 73
86 8 87
79 55 82
4 81 11
24 35 66
26 18 28
33 51 81
66 86 8
74 93 5
39 25 24
89 26 4
26 37 75
6 28 73
72 67 83
1 92 62
37 87 64
63 83 14
25 89 46
40 52 56
86 71 91
78 16 32
13 33 13
17 99 48
42 97 42
38 2 80
38 14 74
54 30 19
5 93 93
51 14 94
44 95 97
35 83 72
67 35 79
79 29 20
34 24 23
37 96 56
68 74 44
83 32 91
37 97 43
47 49 30
90 49 88
83 75 32
36 12 30
27 56 85
100 93 12
86 41 83
93 33 5
62 5 13
66 95 90
19 55 59
61 50 75
38 49 94
58 96 98
82 6 88
12 94 55
14 55 29
28 93 11
96 14 95
98 82 52
25 66 45
78 12 48
35 15 17
23 42 27
31 77 59
26 42 59
9 63 41
4 35 26
72 10 58
85 52 98
13 2 76
68 66 45
77 84 36
85 70 12
78 27 29
28 39 81
55 31 4
57 11 19
5 13 26
24 89 28
26 61 9
18 31 30
64 36 38
83 46 61
98 5 64
44 20 63
24 58 98
68 69 1
55 89 73
33 56 16
84 1 95
95 47 59
79 23 17
37 59 61
93 15 32
70 10 34
32 48 39
94 61 42
50 37 53
83 98 1
75 84 50
46 41 19
82 58 16
77 91 92
93 53 69
77 69 83
55 28 88
19 28 28
44 99 66
76 4 19
43 38 27
72 33 19
23 7 80
25 2 38
6 68 23
50 38 56
62 93 84
28 3 91
7 66 82
76 53 5
82 100 79
21 29 59
36 12 98
44 34 70
76 42 4
72 7 42
94 61 4
72 72 85
90 81 2
77 97 30
22 57 83
14 72 28
80 82 98
64 72 56
80 64 93
10 21 24
78 88 30
11 1 26
95 54 43
65 50 37
28 43 83
40 93 4
31 89 48
7 19 5
72 75 48
34 45 70
69 13 76
8 45 63
25 95 55
99 6 21
7 20 37
82 74 74
89 42 1
82 23 17
79 63 63
18 24 85
83 64 79
100 60 18
91 30 52
15 98 57
78 16 26
75 37 39
56 65 63
63 74 90
80 95 14
67 80 34
15 73 15
52 49 79
96 15 53
49 40 43
57 58 87
87 16 55
64 11 40
42 11 48
7 91 79
47 16 16
73 23 20
38 72 38
4 76 4
57 31 75
69 1 9
82 35 22
48 8 43
45 66 87
69 84 62
46 22 84
62 33 9
76 22 72
18 28 84
70 51 69
27 87 71
79 11 12
41 89 47
39 12 78
29 50 48
8 84 73
57 96 60
72 93 19
84 4 72
98 70 63
2 16 34
99 76 38
44 85 2
55 57 73
39 12 17
38 56 79
82 24 90
73 81 39
46 80 11
17 28 61
69 56 16
48 32 71
14 38 40
53 21 25
77 33 49
20 34 30
13 68 69
100 61 52
38 4 82
48 98 66
28 86 6
36 30 6
35 33 29
28 97 34
76 78 10
65 91 42
18 79 57
99 77 3
92 17 14
44 71 50
63 100 64
22 35 76
40 60 20
98 76 40
95 86 80
100 8 97
41 41 79
32 60 95
8 78 59
56 79 78
68 23 5
47 98 67
61 60 25
66 59 77
35 47 76
20 28 78
77 27 79
53 62 83
67 79 35
10 58 46
83 59 74
44 74 22
26 43 62
86 48 93
76 17 19
21 65 21
98 100 2
32 89 67
39 93 17
100 40 8
59 23 66
56 25 56
40 100 50
66 69 62
84 69 32
2 16 89
31 69 23
40 18 42
12 42 5
23 24 81
78 76 57
20 67 20
44 64 77
81 66 44
22 17 55
11 47 61
24 49 50
15 16 12
91 97 75
82 9 93
38 54 76
72 83 68
65 92 81
20 59 58
21 66 71
81 7 44
61 21 42
91 26 7
36 20 21
22 52 14
57 76 84
53 54 74
10 80 46
68 21 22
20 85 39
67 48 39
75 2 20
4 29 66
36 46 25
70 27 81
3 69 68
81 33 57
96 20 34
72 67 2
61 37 94
99 63 41
71 7 31
34 18 36
86 100 2
87 24 40
91 64 81
51 60 76
50 26 86
48 93 83
59 85 52
76 53 35
85 29 45
17 2 13
73 83 11
75 73 27
11 47 8
51 14 91
61 40 43
86 11 100
34 40 19
72 11 87
51 4 27
82 46 35
48 74 83
9 84 31
10 58 58
10 21 45
39 22 14
53 74 36
79 63 73
32 7 33
65 95 64
64 42 18
31 43 93
97 97 3
36 14 59
41 70 71
49 82 85
43 71 91
40 46 82
73 95 58
81 55 84
65 34 36
21 44 36
8 89 31
64 34 86
75 61 31
68 60 24
83 91 67
81 9 57
64 95 60
19 72 24
7 26 98
52 100 79
99 41 39
68 84 48
98 16 77
50 53 8
80 56 91
25 17 12
41 46 100
10 94 41
24 62 82
81 20 27
27 33 45
93 86 16
1 88 48
58 53 38
85 11 52
98 50 91
45 76 18
86 88 49
31 34 7
66 4 63
39 33 81
20 99 73
23 68 52
77 33 31
56 12 80
57 96 54
26 5 90
55 7 67
79 17 68
33 82 37
9 77 68
64 13 86
2 91 64
85 55 60
47 88 61
12 61 29
54 97 89
85 17 23
67 95 77
64 35 34
62 3 39
42 67 56
90 93 82
56 18 3
25 31 61
1 19 99
2 87 83
31 48 31
36 96 25
5 34 51
44 5 55
77 80 63
26 66 6
94 88 60
72 7 51
45 38 84
58 72 56
73 40 59
51 97 43
61 81 15
41 100 15
94 79 99
39 12 18
63 72 74
4 31 52
78 18 18
84 1 34
70 68 12
36 13 22
21 74 4
47 60 5
28 25 38
42 72 49
55 66 71
70 72 3
85 14 27
4 29 92
17 27 73
86 60 9
60 5 28
30 33 80
23 9 77
17 98 58
9 88 56
98 63 10
13 83 15
59 89 69
11 68 53
88 26 1
91 76 63
10 81 66
93 95 57
27 10 6
92 91 4
13 96 14
70 15 59
21 36 38
21 85 95
39 98 89
10 20 90
76 12 53
38 39 64
74 37 62
43 99 95
59 17 42
47 97 90
48 91 7
97 4 32
76 98 69
15 21 26
74 5 9
73 73 57
84 99 3
70 49 26
21 21 95
23 65 60
42 71 39
74 15 76
38 51 84
46 35 77
91 61 97
71 64 6
5 29 12
26 14 71
26 98 86
3 83 18
64 37 76
100 57 56
52 57 91
56 36 92
46 36 44
52 91 30
90 91 9
75 34 23
27 89 64
43 26 42
11 46 21
29 54 54
44 38 53
78 59 43
30 67 5
15 66 52
95 68 9
17 1 17
5 29 93
8 19 65
51 89 29
14 4 3
97 62 29
84 5 59
92 13 100
37 82 1
34 2 48
13 100 30
82 3 67
47 45 77
65 85 1
38 46 13
28 94 80
18 47 23
78 3 92
17 83 76
51 12 47
65 13 2
76 37 23
14 15 67
65 87 80
74 42 85
99 80 9
4 13 30
81 41 68
9 82 15
39 93 73
38 17 33
33 43 49
84 86 38
2 73 74
79 45 79
38 32 74
90 23 23
31 3 93
3 2 98
28 69 29
78 77 78
8 79 45
39 42 97
94 54 89
35 83 76
14 54 47
61 51 24
91 35 12
99 24 62
30 73 45
17 66 88
81 24 1
77 54 80
18 69 80
86 8 3
2 72 86
98 71 46
79 82 50
94 50 65
66 36 53
61 46 76
93 40 16
72 91 3
79 43 88
32 28 76
11 62 74
26 43 79
56 44 18
56 80 33
4 5 52
4 27 86
49 85 35
84 81 35
42 76 1
72 11 28
6 57 23
23 13 80
66 68 33
69 54 83
31 19 1
39 55 88
91 31 10
16 44 59
22 71 89
79 74 12
82 93 36
44 50 96
94 91 76
45 86 83
93 86 98
24 10 71
10 30 55
9 4 16
75 48 16
24 84 15
51 67 7
92 40 38
53 69 65
74 87 67
83 25 64
33 77 67
41 86 40
6 27 92
33 18 6
83 13 68
64 44 26
10 43 70
95 14 40
90 83 24
77 69 46
52 42 65
33 5 76
14 14 51
76 72 5
59 55 91
20 10 38
44 97 96
74 68 33
61 35 30
19 88 79
42 85 29
43 2 37
67 61 94
20 2 96
27 13 14
67 64 95
92 34 70
47 14 45
35 52 100
67 76 87
76 53 82
37 94 36
2 53 95
64 88 23
66 54 74
28 55 54
82 16 18
80 46 83
53 27 45
42 81 32
32 6 61
28 30 95
4 71 40
85 91 97
98 63 84
19 33 46
65 67 20
93 65 51
34 25 57
92 2 39
10 17 89
19 93 81
93 57 25
39 65 55
18 63 1
40 34 20
77 33 81
6 44 12
95 52 85
18 18 90
83 95 26
9 35 99
71 22 26
20 84 56
96 65 9
20 15 45
25 29 98
84 64 34
74 46 86
28 22 76
68 15 17
52 65 9
92 26 61
60 67 92
48 35 42
31 26 74
62 28 38
63 48 11
84 70 21
8 89 39
8 36 95
24 1 99
99 81 11
73 98 82
84 59 84
75 23 4
59 7 26
38 23 43
98 6 56
93 80 18
50 60 12
43 61 65
54 77 3
84 93 60
77 43 9
47 63 61
59 42 20
94 69 12
11 98 11
28 31 82
28 30 4
45 9 65
18 1 45
3 14 50
69 58 26
96 79 19
98 9 65
86 19 76
97 95 32
74 93 5
72 89 65
50 69 74
28 2 83
97 12 69
59 63 50
11 49 82
73 72 36
57 4 13
7 6 59
40 2 60
52 76 73
26 47 9
97 6 27
12 93 42
7 20 86
76 20 89
15 74 6
89 33 74
66 48 25
15 89 69
65 53 18
4 72 43
97 55 9
79 61 88
9 96 3
7 24 9
4 8 47
56 51 5
32 53 48
65 29 16
12 58 98
71 67 40
26 44 55
18 64 33
85 6 91
32 13 37
41 51 94
52 14 51
40 84 26
32 3 88
78 69 26
51 59 31
36 29 78
99 84 88
18 95 41
29 49 10
24 53 94
67 75 47
14 2 22
58 67 49
88 19 71
47 49 75
34 55 45
17 25 45
40 57 5
7 46 49
54 8 19
43 50 30
63 5 85
37 71 51
37 42 18
27 88 85
32 5 65
38 77 69
82 73 40
1 87 37
8 23 68
40 33 85
43 19 15
5 43 66
93 76 20
88 51 39
53 34 9
51 5 41
96 5 64
57 60 11
59 81 12
75 84 62
13 38 46
91 39 39
77 8 93
55 81 54
29 81 14
69 13 31
68 20 85
75 49 92
51 29 58
42 64 47
63 24 64
38 94 72
65 6 52
29 63 99
70 18 72
57 43 81
40 1 51
66 88 18
92 100 95
82 63 91
66 69 19
35 40 2
2 73 11
34 55 89
19 69 55
81 80 63
76 8 85
76 79 93
69 71 64
91 7 51
83 50 97
96 64 60
92 46 1
31 85 65
59 22 5
85 32 74
74 94 94
77 75 42
65 38 62
22 84 15
86 86 22
27 76 28
21 10 31
27 82 73
68 22 55
11 32 90
32 27 8
17 32 48
55 11 68
15 74 33
26 47 61
37 16 19
21 81 58
44 4 2
49 29 18
78 35 69
30 80 50
18 67 70
63 66 98
63 14 9
23 39 11
24 42 56
15 78 26
96 57 79
68 27 61
49 77 90
22 58 86
65 68 78
52 74 63
46 28 29
76 27 65
44 83 90
14 27 78
28 10 61
76 48 41
36 73 98
33 55 9
7 82 18
34 92 52
94 20 67
85 14 1
10 83 67
55 95 56
86 55 76
78 20 80
79 38 18
17 13 72
30 87 91
49 84 98
44 5 69
8 95 63
4 88 67
35 53 56
59 32 23
17 36 5
84 49 79
70 64 62
52 45 81
78 91 18
96 37 96
93 87 55
61 86 19
15 99 86
14 17 93
94 87 77
34 5 47
32 89 37
39 100 18
18 53 99
66 61 66
88 30 81
57 33 36
6 37 56
99 67 90
70 58 65
42 16 34
59 79 53
5 84 17
3 88 7
28 35 74
90 59 83
1 82 22
55 78 66
23 88 42
68 91 68
8 36 46
45 48 50
49 7 84
47 95 88
36 78 51
57 59 74
73 95 39
21 93 70
29 25 50
35 12 29
33 34 94
43 20 13
30 83 45
13 62 18
65 65 81
87 61 21
93 49 22
27 50 17
48 14 28
68 27 12
15 60 35
4 47 34
84 92 93
3 14 53
76 30 2
42 65 99
12 21 89
26 5 21
66 54 20
18 29 47
74 54 47
8 89 98
96 3 83
62 55 6
28 21 90
96 87 33
38 32 81
41 63 43
12 51 43
14 46 43
98 5 35
86 80 77
56 39 48
28 91 75
1 23 47
53 93 61
68 14 45
100 28 28
94 69 62
4 19 34
77 48 5
91 92 87
76 11 14
54 32 75
72 77 23
7 65 66
12 72 22
83 100 3
67 45 90
35 43 70
45 67 68
94 69 43
95 100 37
89 95 76
51 83 60
70 14 89
69 100 20
49 55 72
87 87 75
25 28 46
2 99 58
40 4 28
90 87 15
17 92 92
95 10 25
98 81 29
1 46 17
78 55 3
61 21 81
83 25 2
33 74 10
96 80 40
83 69 62
68 77 100
34 31 13
20 98 21
47 97 6
15 53 31
60 23 54
89 84 52
72 38 85
18 20 84
42 70 79
63 74 55
69 68 88
25 18 78
96 87 74
43 45 35
80 98 32
97 23 37
49 18 68
39 65 98
68 59 41
45 45 97
67 21 77
81 13 33
50 54 50
22 21 31
50 91 6
26 2 5
92 15 8
8 72 42
46 80 15
58 15 15
77 80 12
68 20 61
55 95 2
20 10 17
89 73 69
57 56 53
66 53 40
4 26 38
89 94 29
55 5 1
34 74 66
80 36 95
31 76 7
88 90 76
17 2 11
35 88 2
7 4 29
91 39 48
93 72 50
15 47 97
97 76 53
9 88 78
56 60 91
53 96 7
54 12 28
45 22 42
45 16 68
35 67 22
73 32 17
61 17 67
36 57 60
64 46 77
41 41 62
9 4 58
36 14 84
65 62 66
69 7 60
71 70 68
80 89 76
95 38 11
19 66 38
35 100 57
61 44 3
35 52 42
3 7 39
100 11 7
19 55 91
33 67 5
89 67 52
32 19 16
8 74 72
34 96 52
1 17 65
2 47 14
25 71 14
22 74 44
87 82 44
76 51 27
99 87 4
100 7 52
41 38 95
23 90 50
69 15 19
93 94 60
27 10 58
45 82 91
62 24 41
88 70 97
69 61 90
6 18 25
96 80 53
36 82 19
77 1 33
86 32 39
46 10 53
14 66 28
14 19 97
61 67 64
41 81 56
48 61 25
80 8 65
24 54 7
99 36 33
29 56 61
28 70 29
49 16 40
69 28 69
8 46 33
11 7 95
30 74 22
40 48 20
94 87 71
31 83 80
90 7 60
80 19 59
81 6 89
29 27 68
9 33 53
96 9 83
95 45 82
94 57 73
16 26 88
88 80 17
36 47 18
85 37 11
80 32 15
64 35 25
23 40 84
20 79 42
98 55 20
81 60 73
28 58 48
8 13 17
55 96 92
15 92 9
42 80 35
49 30 20
60 62 14
77 15 43
44 17 12
6 44 64
52 19 45
15 32 32
20 100 74
81 84 78
24 42 75
26 71 72
53 29 87
96 79 97
17 75 5
88 84 47
20 82 21
17 39 47
33 3 19
71 13 53
24 7 8
20 8 29
87 6 84
95 61 15
33 2 82
31 55 34
76 15 100
94 22 66
18 10 36
43 18 20
51 31 56
5 8 10
68 24 76
19 70 8
19 44 42
83 52 6
37 96 51
65 38 43
2 99 29
32 8 65
9 6 2
1 29 90
86 34 65
8 4 51
46 32 31
64 83 64
83 81 96
2 15 60
49 24 59
28 73 90
44 86 55
83 11 57
32 22 33
23 32 21
37 10 11
70 98 48
100 5 44
79 81 54
74 1 14
95 74 2
13 96 82
6 65 92
44 87 62
51 31 30
38 41 68
86 54 43
99 25 60
25 95 44
67 26 17
75 44 36
12 96 1
15 96 41
36 95 7
3 27 88
10 45 86
19 3 97
5 51 95
67 32 54
17 83 70
28 91 29
62 100 15
25 68 8
35 14 46
84 89 12
80 33 89
82 98 100
74 73 9
51 73 28
2 23 80
39 1 16
75 17 55
45 58 48
93 47 38
30 59 10
85 42 37
78 88 87
59 21 71
19 9 63
95 72 73
73 14 30
1 33 69
11 84 15
94 27 49
62 92 24
9 63 96
36 43 42
1 30 59
48 85 63
42 78 31
99 43 90
17 49 15
3 42 14
71 67 91
31 94 94
77 68 19
48 86 9
32 3 80
86 59 94
46 21 48
22 65 17
65 18 80
47 43 57
35 55 65
10 46 46
11 80 86
81 67 5
38 55 63
56 94 93
33 5 63
5 46 97
79 58 91
54 56 38
92 74 83
7 57 82
63 80 62
92 7 100
21 80 70
53 16 33
5 36 38
64 73 35
82 89 66
65 90 33
85 22 43
34 37 68
58 53 21
60 86 2
84 77 38
27 86 18
91 52 34
26 64 17
35 3 76
24 14 32
75 8 51
83 66 95
94 49 33
61 17 29
5 50 59
88 95 77
53 72 11
88 93 10
67 96 72
6 48 41
75 1 5
73 37 19
18 21 67
70 37 18
78 91 5
95 70 13
16 11 36
42 26 70
75 56 86
99 20 36
47 64 85
26 91 67
19 100 99
19 47 31
6 4 52
68 51 8
5 36 84
42 7 84
94 20 5
66 7 87
45 93 47
58 60 61
87 50 91
28 27 42
51 54 69
76 32 84
68 67 93
14 67 26
100 6 19
1 12 59
36 1 84
32 53 46
64 25 8
38 56 41
59 67 91
79 6 58
81 49 99
95 89 36
22 38 77
97 67 48
36 33 43
83 59 93
8 13 37
44 15 87
100 87 81
60 24 50
12 39 75
10 72 88
26 68 66
33 95 96
44 28 24
1 83 75
35 65 43
32 20 44
40 100 18
7 18 47
53 84 81
33 46 9
29 72 12
24 83 86
73 60 99
44 59 21
91 46 90
37 85 39
31 39 50
79 96 13
58 89 33
25 81 5
29 92 79
92 14 60
32 61 6
1 23 15
71 27 19
91 68 89
93 80 99
56 20 37
78 98 58
41 90 79
33 10 67
40 17 69
2 32 56
90 37 73
34 76 87
83 79 87
10 88 55
48 8 15
6 48 59
9 46 18
53 64 53
53 45 92
25 97 13
31 92 35
69 95 87
7 37 94
85 32 63
75 27 6
55 33 20
86 54 74
35 16 43
100 69 72
61 47 98
9 21 80
75 50 97
21 1 86
73 48 84
73 66 36
88 88 37
48 64 53
49 16 53
55 25 37
52 52 59
89 17 40
88 1 75
84 84 98
46 4 46
68 35 70
23 51 51
55 57 44
97 39 39
80 49 84
58 85 61
99 13 5
80 31 96
6 72 11
8 60 18
45 90 96
36 83 53
7 83 13
93 6 74
70 71 92
63 47 74
16 36 15
19 15 9
22 81 33
87 35 87
86 30 13
95 85 96
97 30 73
38 58 12
71 75 25
65 20 91
10 52 28
3 78 54
59 87 72
100 1 24
64 29 8
53 96 62
29 22 35
63 1 64
99 89 65
31 55 87
4 62 86
34 67 46
9 11 48
89 83 10
8 17 13
28 67 36
63 39 18
30 51 62
55 62 11
74 62 5
22 23 15
57 95 15
43 90 25
19 94 96
45 45 58
76 17 100
32 22 50
32 16 67
91 25 4
15 8 85
54 51 70
93 21 86
61 81 63
17 4 70
22 5 78
33 57 5
42 34 48
85 3 31
6 61 25
100 38 8
57 1 94
46 17 37
92 33 46
10 32 67
37 70 1
3 67 2
63 54 95
50 50 48
74 28 42
74 6 24
22 69 53
63 29 16
83 76 38
28 15 22
40 38 29
17 45 39
62 53 82
25 30 61
24 25 38
47 60 91
85 15 6
8 56 32
16 88 94
66 1 69
48 18 98
55 39 47
49 46 49
16 26 51
20 2 77
50 2 22
63 5 22
59 35 80
37 91 62
61 58 46
24 10 83
56 56 47
52 95 90
2 46 88
7 58 91
16 39 74
92 94 18
93 43 56
23 92 57
2 1 38
66 94 81
83 21 57
37 58 72
48 44 31
90 41 47
75 63 63
17 79 70
35 60 11
79 36 77
66 88 49
7 9 88
33 87 20
19 79 71
75 23 3
44 25 46
22 97 87
69 59 44
27 71 78
10 18 18
89 35 47
6 99 52
10 73 8
67 98 31
22 51 94
37 71 6
48 39 45
87 66 46
42 12 30
70 35 56
96 46 35
90 82 50
43 86 64
61 76 70
87 14 78
94 66 64
45 98 26
84 60 87
92 11 88
70 19 74
69 40 68
69 32 35
54 90 57
71 62 96
35 34 40
66 9 98
19 94 37
26 30 90
3 64 15
36 34 83
43 37 81
80 18 46
15 2 75
97 79 45
37 74 52
18 68 55
31 61 57
47 80 61
7 19 15
35 95 72
96 73 90
70 31 40
83 47 48
96 84 49
44 81 5
88 28 21
91 80 79
49 93 29
40 53 90
61 13 32
47 86 27
54 30 84
73 20 3
89 65 54
99 28 17
16 38 19
56 65 100
99 43 100
33 53 37
51 64 28
84 30 71
54 74 41
44 81 33
71 53 97
52 32 68
17 42 68
96 97 62
85 58 92
76 20 79
11 94 35
16 69 34
42 24 80
20 7 40
95 28 68
82 83 11
28 42 14
52 94 15
34 47 94
74 64 71
38 77 100
77 40 14
16 12 51
31 25 31
11 27 73
94 55 62
22 22 52
59 7 91
27 36 34
58 20 52
97 9 32
41 28 92
19 95 24
63 37 25
6 15 2
78 91 36
22 59 86
93 83 25
76 66 87
74 25 27
21 29 20
48 59 66
15 45 16
12 64 82
45 17 6
97 3 72
76 15 12
22 45 10
7 55 58
42 24 80
45 94 11
82 71 65
77 40 47
75 78 49
7 11 36
78 91 21
16 92 53
66 77 11
34 73 27
94 97 94
43 70 68
32 77 81
65 85 50
46 86 40
43 28 82
8 6 100
25 92 98
97 19 16
40 49 27
49 37 89
67 73 14
55 89 48
88 35 35
97 36 40
79 30 32
74 53 36
39 16 63
14 27 4
96 87 20
24 6 54
82 65 14
74 49 77
66 8 65
91 44 46
51 29 92
59 8 98
9 61 18
46 81 91
60 59 74
48 21 80
54 94 33
7 68 3
43 72 29
30 15 9
47 79 50
6 35 8
49 96 60
88 78 37
1 80 77
33 13 13
96 85 79
75 48 39
33 87 72
5 74 7
86 35 80
80 70 22
85 52 9
91 56 53
96 99 2
10 55 50
99 96 52
92 9 4
8 35 63
23 26 87
97 44 87
44 77 80
19 49 46
54 82 55
39 86 50
24 15 46
76 66 32
5 85 12
71 62 63
3 18 9
95 37 51
29 72 25
38 24 75
49 67 56
38 56 75
68 39 21
96 26 67
31 38 13
8 22 60
5 43 24
29 33 90
74 36 39
63 22 6
30 94 30
70 32 98
21 30 92
13 57 53
6 8 85
25 23 88
71 34 69
15 65 55
80 30 14
6 75 60
94 21 61
2 48 47
20 84 30
27 16 41
61 5 95
44 15 23
34 100 28
98 3 76
12 85 19
20 78 8
78 77 29
29 68 72
9 84 83
44 13 82
11 34 10
62 90 57
40 45 89
20 87 72
74 25 10
94 37 40
98 10 35
40 25 96
8 91 58
47 39 16
85 10 19
19 26 59
95 19 46
33 62 58
40 22 23
77 32 96
66 44 77
80 10 26
95 69 52
25 6 94
40 53 22
29 50 10
81 27 23
85 25 16
100 22 92
67 16 14
50 39 91
47 29 99
65 33 3
36 91 92
5 42 19
9 84 87
71 49 62
69 26 22
7 12 2
81 42 92
33 24 9
88 34 73
86 79 99
81 62 4
27 50 10
56 71 42
55 93 10
99 32 71
95 38 57
32 37 26
8 33 40
31 94 23
18 76 19
49 15 39
84 37 23
55 53 22
26 1 35
59 5 37
45 38 66
88 66 7
55 85 16
11 2 63
90 4 66
100 4 92
4 74 73
67 2 19
42 44 1
45 22 4
10 11 25
84 57 84
4 47 2
24 82 30
16 47 21
20 56 22
17 67 13
18 95 24
67 3 77
79 72 57
47 12 33
11 18 76
13 40 90
59 24 47
77 15 39
49 31 41
48 16 67
75 71 81
99 20 17
30 37 77
30 41 6
73 46 13
16 42 17
25 89 99
6 52 57
77 82 56
27 43 28
99 54 60
44 86 16
94 68 9
45 44 96
50 58 72
48 91 1
57 97 66
28 67 19
46 15 30
31 62 43
70 38 32
52 89 42
85 40 59
80 95 47
14 24 97
32 33 46
16 42 21
87 85 41
65 25 18
39 88 73
88 78 35
21 46 12
24 51 78
43 55 60
26 88 17
36 20 82
66 22 40
41 43 45
30 65 53
63 38 29
63 40 89
79 97 14
13 71 87
56 91 40
92 73 31
77 99 54
83 81 67
65 33 22
44 8 27
88 3 57
29 8 97
48 24 30
64 91 100
96 48 86
13 32 87
86 20 8
38 98 73
46 51 60
74 44 60
14 42 68
60 21 43
71 98 10
98 70 6
99 11 47
42 22 69
80 79 62
49 32 52
82 89 44
11 17 88
92 38 80
43 50 2
86 66 50
74 24 12
34 54 93
9 9 95
19 1 89
73 45 56
20 51 51
68 12 24
39 71 54
41 35 47
6 41 57
47 11 19
15 14 94
94 74 89
32 26 37
4 99 37
41 100 2
47 71 36
65 85 8
60 50 77
27 8 9
81 4 23
34 79 17
68 74 45
25 26 60
43 16 59
17 91 2
93 47 63
37 57 63
71 83 55
28 89 58
84 93 77
71 35 44
54 55 53
99 22 74
60 92 85
100 55 93
83 62 67
80 97 27
15 99 88
14 20 63
100 20 93
66 85 80
3 59 87
2 10 72
42 80 3
46 51 93
97 36 1
3 59 39
36 31 34
15 60 97
11 82 14
37 44 69
13 44 57
10 65 87
11 44 8
59 42 33
39 9 70
71 67 12
26 29 10
93 49 12
38 74 81
4 3 3
29 2 89
27 28 9
62 68 89
47 18 19
100 67 29
47 84 90
60 51 6
59 7 62
78 94 40
30 37 80
98 59 59
35 78 39
99 83 64
33 19 65
78 80 54
55 1 17
35 76 97
23 54 32
29 91 89
58 67 20
21 31 50
28 89 46
100 55 33
92 56 94
68 59 3
46 38 8
46 85 34
61 55 60
67 41 79
25 31 52
80 9 25
48 14 91
25 19 63
83 26 96
98 48 38
5 53 43
28 21 97
37 94 74
66 24 65
76 62 37
94 27 59
83 75 67
27 51 73
63 8 85
44 67 7
16 1 79
65 21 50
18 49 42
56 38 1
37 93 90
61 13 18
89 9 14
88 90 59
14 12 83
37 34 40
35 43 68
45 70 77
80 54 8
5 11 69
48 15 15
77 21 43
38 4 37
55 54 57
82 31 50
3 34 77
93 76 49
66 13 67
29 11 36
23 39 91
7 61 56
61 61 3
48 48 58
70 49 13
4 19 64
91 28 42
29 91 46
51 92 81
41 33 37
68 97 99
66 72 2
50 43 95
21 63 86
54 35 4
56 17 52
80 60 88
13 85 77
96 26 36
87 40 9
44 80 72
38 47 38
100 7 63
34 20 80
42 27 45
34 23 39
83 54 26
19 36 54
32 1 2
56 4 44
39 59 16
77 12 21
83 39 93
17 49 62
49 82 82
17 76 27
83 78 29
90 33 37
99 1 49
94 1 28
50 94 44
88 78 54
54 13 73
88 92 29
78 96 32
34 12 76
5 13 89
18 77 75
35 11 4
34 64 97
58 59 16
31 58 63
73 71 63
52 58 70
99 9 19
87 38 100
15 28 40
63 41 88
56 48 1
66 41 69
69 1 97
6 30 53
5 37 59
43 27 6
73 27 36
49 14 77
98 59 1
42 73 100
12 85 57
3 2 97
35 14 70
51 53 56
50 76 67
9 4 4
60 86 91
57 98 78
42 52 97
58 85 44
31 23 73
31 96 58
4 83 30
33 42 17
41 15 45
87 23 50
50 81 11
26 66 60
79 60 97
74 28 26
61 33 66
12 88 9
51 31 60
48 97 96
28 44 19
90 66 88
13 57 23
3 24 100
63 38 42
86 68 66
18 40 32
43 46 98
26 11 66
56 47 96
90 16 39
35 64 84
91 95 85
59 39 8
11 49 55
30 25 21
5 61 64
25 39 24
82 28 22
28 26 26
80 40 10
3 33 7
70 30 70
23 64 88
44 84 70
100 59 73
97 54 53
71 17 81
31 32 22
98 70 20
71 60 12
9 36 75
41 17 11
34 1 94
52 10 65
58 76 14
74 17 85
18 88 10
24 67 93
5 83 31
24 1 81
68 17 68
37 4 47
97 56 17
29 64 44
49 29 47
19 12 23
43 72 30
38 29 19
18 98 12
17 18 79
34 48 32
47 33 99
44 63 54
52 85 68
82 37 5
9 50 14
1 47 44
92 1 15
57 51 32
76 47 63
4 93 100
12 90 56
41 78 64
52 78 57
64 28 93
38 40 63
43 40 62
34 99 28
96 26 98
65 40 79
49 74 32
62 100 47
78 63 1
39 82 58
52 71 32
99 56 33
15 10 98
43 36 23
35 79 52
50 65 18
14 93 84
58 33 25
22 85 86
44 53 16
21 59 62
84 4 42
69 42 5
92 25 71
53 91 35
44 25 17
71 39 9
48 70 67
63 72 20
90 63 40
61 44 96
5 30 43
85 17 30
70 86 97
66 52 16
98 39 94
9 58 41
13 87 2
43 84 45
49 24 23
25 20 37
62 13 45
49 36 98
73 81 49
39 34 28
72 25 65
2 98 3
56 19 38
20 81 1
22 28 6
34 4 65
46 1 39
25 22 55
86 61 38
45 67 23
91 32 92
55 12 46
34 54 35
59 63 81
17 33 98
73 17 43
56 34 19
36 98 78
49 7 78
93 39 18
71 19 26
32 11 10
48 82 4
29 100 62
85 87 51
10 49 26
90 67 72
77 27 4
99 60 40
11 64 3
34 27 14
76 98 27
55 62 35
88 70 33
4 53 38
43 36 69
64 92 69
17 1 25
2 96 91
13 85 64
59 56 80
27 69 88
52 87 72
56 19 58
72 30 81
60 30 52
78 34 32
89 46 98
76 30 25
59 33 80
74 30 75
17 27 94
1 15 65
95 20 31
59 5 49
91 4 38
83 80 42
63 56 36
40 80 69
64 38 56
12 100 70
87 20 96
40 3 31
17 18 96
18 67 55
76 5 86
100 47 56
4 79 88
77 49 94
37 6 95
16 67 61
4 81 91
9 86 61
86 29 71
49 21 14
36 20 62
100 61 56
54 37 88
87 7 3
74 60 53
76 45 15
58 56 100
97 71 88
20 37 7
53 65 76
86 39 21
66 3 88
94 70 43
59 20 15
81 47 15
15 95 29
92 31 81
55 89 59
1 95 83
83 91 1
94 14 74
85 56 100
49 34 38
35 60 58
26 4 9
56 68 90
53 21 28
6 18 9
89 43 74
92 71 16
67 72 92
51 71 37
29 25 98
13 35 92
1 74 89
3 62 19
57 72 14
17 29 39
79 87 53
96 96 26
13 82 65
78 70 19
55 61 64
97 58 16
13 17 56
89 100 83
77 49 35
53 75 61
31 71 2
58 99 95
22 44 49
99 10 38
74 16 34
70 100 75
7 91 24
51 47 80
18 41 23
75 10 52
71 69 98
45 15 1
54 72 78
27 47 15
2 61 76
35 66 15
28 9 89
6 56 48
22 72 47
97 58 19
100 13 24
53 11 61
32 78 100
70 8 7
23 53 78
88 12 69
53 12 69
91 43 82
71 69 51
40 76 56
16 95 95
90 7 94
95 38 63
99 78 30
50 87 48
60 95 85
57 3 3
64 76 76
37 72 58
26 93 40
83 50 33
4 34 79
89 20 74
27 68 76
88 74 77
51 88 36
69 42 99
69 56 22
99 58 78
89 38 11
72 29 39
52 72 13
83 100 15
39 91 65
14 77 78
15 39 84
33 81 65
72 36 31
32 1 94
43 31 81
27 93 41
65 56 67
11 80 35
24 29 65
48 49 100
44 18 32
20 91 80
26 24 75
45 55 82
89 82 93
86 27 12
56 61 57
56 2 26
91 43 70
55 42 66
74 73 27
1 66 63
37 12 46
43 12 44
13 82 28
21 22 37
62 51 82
80 38 69
6 73 80
87 68 10
54 36 24
54 33 9
58 6 22
26 44 35
22 42 11
66 91 25
8 89 24
89 68 100
95 18 22
10 76 40
61 64 59
1 37 37
67 42 99
43 66 14
42 95 44
54 43 100
47 84 5
44 9 78
78 70 5
12 51 50
84 70 100
95 42 93
23 99 56
37 39 26
67 62 12
74 86 75
12 79 6
86 15 39
84 70 28
20 61 54
53 65 29
16 54 6
53 73 54
29 38 15
36 3 20
73 25 14
24 9 61
26 53 87
94 28 91
53 3 61
23 90 6
71 62 83
42 38 91
91 34 34
39 25 46
19 32 6
47 13 3
78 61 79
30 42 23
1 15 2
49 40 95
28 20 14
22 91 19
15 18 7
47 65 72
1 37 20
90 31 77
12 65 22
71 6 23
44 61 71
18 30 12
21 59 75
34 27 89
65 47 8
86 72 76
13 70 70
93 11 66
57 76 97
19 91 30
58 28 71
86 41 62
97 17 24
85 26 22
97 38 18
51 25 19
25 20 63
26 63 15
87 26 69
47 3 93
97 41 69
5 26 73
100 57 45
12 73 11
28 14 42
43 1 87
9 57 70
11 46 1
21 97 31
40 72 77
45 25 66
93 61 75
61 3 33
63 46 87
100 44 80
2 51 71
34 28 73
57 73 26
76 19 50
6 63 87
60 8 68
3 4 69
60 35 69
66 80 33
18 55 41
67 28 76
49 43 23
48 20 58
25 82 94
1 93 12
53 50 47
93 6 68
90 54 10
48 32 40
41 84 44
20 94 36
53 61 73
69 69 9
4 49 13
34 30 25
93 59 45
7 31 77
62 66 16
42 55 15
18 71 99
48 48 95
45 48 84
20 56 81
58 98 1
20 38 89
54 20 5
8 2 69
15 14 59
84 47 62
94 60 9
32 62 1
15 85 22
30 79 12
28 57 28
45 19 65
28 39 66
54 22 4
27 58 100
77 15 100
87 34 22
1 13 50
22 83 63
30 47 29
41 94 75
59 58 81
63 50 8
12 81 7
20 80 9
98 41 38
20 17 51
74 20 9
54 64 54
4 63 2
7 83 21
60 5 79
12 23 47
61 75 15
40 13 44
7 17 64
70 59 50
96 29 44
55 40 81
71 11 49
54 51 19
68 85 72
34 18 91
77 16 78
43 53 20
63 78 81
74 60 38
81 48 38
82 59 21
16 35 88
53 22 66
17 69 52
42 73 80
10 21 76
63 40 28
96 96 75
24 43 72
76 66 41
97 61 43
44 91 99
77 15 76
16 100 67
26 55 16
16 63 1
65 96 8
83 5 66
84 93 16
78 13 39
79 47 28
81 35 21
23 19 62
85 62 28
84 67 86
7 50 28
35 14 37
75 69 24
38 65 70
23 67 68
97 69 49
56 74 65
84 48 21
55 68 43
87 60 81
52 92 99
70 81 23
11 31 96
65 95 81
7 55 62
52 76 97
82 36 11
51 10 94
73 54 98
5 83 39
95 5 40
18 6 17
15 36 58
48 41 76
62 66 6
24 44 100
48 26 69
26 60 16
13 97 59
70 97 27
5 68 35
33 36 76
1 82 36
68 40 17
56 29 91
24 19 48
76 50 70
22 43 34
12 59 43
67 37 81
38 94 33
93 54 93
89 42 49
52 79 46
32 35 77
14 12 42
17 67 89
44 91 42
56 5 19
1 80 86
76 97 29
25 43 71
44 9 1
34 56 94
23 85 53
8 18 13
81 61 88
87 85 62
56 24 85
22 63 3
81 98 6
1 82 69
37 13 27
23 46 23
84 57 34
9 58 83
11 88 17
84 43 43
19 51 84
98 63 56
32 3 30
56 74 32
4 73 52
59 9 19
72 87 92
18 12 72
54 11 17
32 31 12
80 7 56
28 82 73
73 40 47
16 17 22
25 30 20
15 23 63
83 49 52
50 9 1
83 77 4
62 8 13
87 96 88
59 11 52
87 85 8
63 31 30
51 45 41
17 82 49
57 57 3
51 89 84
51 10 80
78 91 56
89 81 75
31 67 56
30 94 22
36 97 33
74 42 33
99 60 84
35 83 77
3 20 5
44 43 17
29 85 81
67 67 16
49 61 4
21 19 12
59 32 71
2 46 41
86 31 40
23 43 45
1 99 91
60 98 78
100 22 37
59 38 65
1 56 9
29 98 11
80 24 72
65 12 60
22 66 77
98 73 1
42 21 74
84 96 59
21 60 20
94 63 13
18 7 60
34 24 79
19 46 82
16 91 48
39 77 40
25 75 63
59 30 68
62 7 40
74 17 56
20 77 9
12 26 49
68 99 53
7 12 52
13 17 46
28 5 91
92 100 83
33 76 83
76 51 2
21 75 79
63 11 97
18 49 25
72 44 70
42 36 93
31 5 56
14 44 72
9 41 78
83 53 57
48 28 45
5 16 12
98 59 2
35 36 97
10 96 67
60 91 92
87 80 34
19 90 86
87 18 18
73 70 88
10 15 22
41 59 6
42 26 42
99 63 62
79 23 17
65 38 13
4 11 58
27 57 55
4 48 37
16 79 27
11 69 46
96 70 75
35 81 32
59 52 40
37 51 89
98 43 17
88 82 12
88 74 10
30 44 51
7 68 75
9 43 44
86 62 73
25 31 71
81 14 43
61 51 22
77 73 89
55 52 54
32 15 48
44 89 34
71 92 26
27 56 17
14 96 50
20 26 85
46 28 33
87 96 16
100 98 35
88 63 60
44 21 56
18 30 7
14 20 48
78 15 48
17 66 52
27 47 76
52 89 57
54 62 28
11 75 68
15 68 62
83 61 61
76 98 77
84 69 35
22 23 27
93 41 4
24 41 1
82 50 75
57 82 10
19 76 70
8 77 13
3 66 91
76 82 5
93 29 5
69 89 78
40 70 34
16 56 15
23 38 75
50 77 76
11 89 66
79 3 78
5 48 63
55 84 9
30 21 59
77 74 91
65 73 47
10 23 50
93 14 27
42 4 50
11 25 86
79 77 3
15 30 24
46 57 99
10 49 41
28 70 59
11 33 93
62 44 40
96 11 43
70 31 58
89 31 55
86 1 4
90 73 33
98 48 54
11 26 74
18 8 5
21 1 58
67 60 84
27 2 7
45 27 16
85 5 54
73 5 48
52 42 1
17 31 12
100 38 89
55 31 15
100 64 79
2 53 67
81 99 97
54 100 80
60 33 24
33 94 40
22 62 16
17 2 71
71 41 95
58 56 90
11 10 83
86 53 80
31 60 47
36 50 18
58 13 56
99 45 38
12 5 70
56 22 35
82 2 27
96 20 38
10 50 56
24 100 74
96 67 63
76 55 11
42 83 9
54 34 33
11 53 79
90 9 44
24 73 1
51 45 39
43 39 61
85 85 78
95 71 100
32 67 34
13 77 31
39 29 32
83 40 2
18 41 70
82 41 55
85 8 64
62 98 64
41 8 24
2 39 58
10 34 32
88 43 92
23 60 70
28 14 11
49 13 36
95 64 15
81 96 54
77 36 8
86 6 83
14 41 2
25 19 30
61 22 21
42 14 92
32 76 3
10 81 4
87 11 12
85 65 71
75 4 57
44 37 90
17 10 74
45 39 55
42 88 57
67 51 15
100 20 58
14 32 39
90 13 35
68 23 59
96 97 18
16 85 80
82 42 77
80 40 10
6 60 11
5 13 50
46 11 57
56 48 43
82 99 65
47 2 56
27 66 54
20 16 17
22 26 4
87 69 96
28 58 31
10 12 53
33 54 7
62 12 7
19 3 33
10 24 37
70 7 88
54 99 12
84 70 100
15 32 73
22 80 23
100 92 27
14 19 67
33 37 58
22 81 41
14 41 17
6 6 20
86 29 99
45 56 40
45 100 78
2 41 53
51 63 19
67 62 21
20 26 17
19 24 57
99 32 98
2 66 98
12 18 52
79 1 54
65 100 14
51 64 6
21 43 24
61 29 7
45 60 92
61 23 6
71 41 51
81 74 6
63 73 62
4 81 84
52 54 16
90 82 21
31 25 21
7 21 35
61 60 44
19 60 80
86 14 38
59 34 48
30 62 37
34 63 73
14 17 44
49 30 64
15 59 78
54 68 70
80 20 68
44 72 32
70 14 2
56 25 84
64 86 8
100 29 55
48 17 11
93 23 89
56 62 52
35 83 36
35 44 89
32 27 4
18 5 33
83 67 71
39 27 22
100 28 24
30 57 50
43 92 29
28 48 21
71 35 26
41 19 23
58 7 30
91 6 79
69 34 61
69 88 66
93 59 8
2 86 87
88 99 24
48 27 71
93 82 32
73 23 78
97 18 31
86 67 28
65 38 73
86 57 54
51 25 26
86 4 17
87 65 3
61 83 31
100 60 1
65 83 44
24 82 21
84 64 100
4 26 64
39 23 85
79 55 38
23 60 93
5 36 39
70 92 70
5 3 89
83 28 20
27 70 26
6 100 64
64 91 32
27 79 36
62 47 57
100 76 39
73 59 48
13 78 53
58 59 17
26 98 41
6 56 95
23 100 49
83 92 24
24 46 62
61 46 55
69 34 44
67 14 86
77 76 57
97 81 95
21 9 64
37 69 42
38 59 73
49 16 15
93 5 95
12 41 50
8 94 76
79 70 29
5 35 12
29 9 81
84 45 30
40 63 20
8 49 87
88 26 10
31 48 37
40 4 99
59 9 16
12 49 97
4 47 37
33 9 21
41 97 77
88 91 79
53 76 11
87 63 34
98 63 92
83 61 94
67 18 67
71 3 34
36 84 72
50 44 13
65 74 23
65 27 52
64 39 77
48 62 47
82 60 84
30 99 93
79 64 92
12 85 65
8 27 37
15 22 56
88 81 85
97 78 36
60 84 64
15 64 48
37 71 55
3 73 3
38 24 86
85 79 48
81 15 35
76 62 62
43 11 66
21 70 98
75 16 88
27 20 71
58 55 61
11 51 29
65 46 40
48 90 96
8 28 14
86 18 32
90 79 97
39 36 27
55 89 66
51 14 87
80 2 35
6 95 41
71 90 91
91 50 6
25 13 11
89 79 31
21 48 4
21 53 81
55 26 27
91 97 48
5 16 2
96 45 8
53 98 98
57 77 100
58 23 57
34 32 94
35 4 86
75 97 54
48 63 56
7 7 51
97 60 84
11 39 41
5 93 7
9 87 48
78 88 48
33 5 56
57 52 38
49 18 43
90 6 42
60 30 78
49 6 11
62 48 39
11 48 73
55 12 74
61 22 87
38 45 46
20 49 21
68 47 48
88 20 53
60 5 2
28 58 77
70 38 90
25 44 95
95 94 5
44 45 73
13 82 77
18 88 8
88 9 10
3 1 83
35 99 91
18 15 98
65 15 23
3 19 57
95 89 66
5 11 19
78 94 77
54 76 99
54 23 36
40 11 86
34 48 70
95 65 13
16 56 56
31 16 25
50 88 92
11 55 89
42 17 8
87 77 47
37 64 80
24 100 12
42 84 77
5 79 35
1 68 84
74 24 42
10 72 8
80 12 18
69 7 8
26 79 92
29 31 99
1 8 93
63 82 8
43 81 80
29 23 54
84 11 76
1 36 83
21 49 50
23 73 75
38 2 17
83 19 97
44 70 11
74 78 20
25 8 73
45 84 38
6 48 97
76 90 90
91 95 37
98 34 37
46 25 25
98 45 68
25 9 27
33 92 96
47 39 88
35 82 44
8 24 25
98 27 23
53 16 15
84 57 7
39 10 73
87 11 100
17 37 31
94 45 3
68 86 68
21 6 58
88 92 66
1 53 82
80 50 38
94 49 61
18 64 82
39 23 85
5 12 8
100 88 84
21 55 80
63 76 25
27 1 19
10 25 91
95 82 20
64 90 59
16 45 31
58 94 53
22 5 77
77 31 13
27 11 50
31 12 3
71 79 96
86 35 58
53 54 72
99 74 9
46 62 92
37 67 7
1 82 62
1 69 97
81 99 5
2 78 30
48 23 68
42 41 5
7 79 81
8 35 69
13 49 88
77 51 25
68 96 71
77 21 25
83 14 1
5 25 22
15 87 59
43 74 22
41 83 1
39 22 53
17 41 62
71 69 89
25 9 77
7 87 60
41 45 28
18 58 58
11 34 65
26 18 14
74 76 3
83 73 53
15 92 13
3 31 33
54 51 84
12 21 38
5 68 10
93 8 85
87 98 95
46 65 24
2 19 23
72 16 21
46 22 61
33 73 65
49 40 75
44 16 57
67 100 34
81 31 64
17 54 66
38 5 60
99 71 25
33 4 6
85 10 100
74 17 11
25 87 24
92 59 46
23 19 60
71 77 40
26 92 87
49 23 30
17 76 34
78 68 53
100 97 10
36 32 37
100 40 19
3 3 78
49 92 31
46 51 51
81 90 68
81 3 40
90 12 92
85 61 61
18 80 51
85 17 20
63 31 89
83 93 39
5 36 54
60 47 82
90 43 98
83 95 77
68 59 69
49 58 26
27 8 11
83 64 24
61 35 10
35 59 68
40 98 55
45 27 19
61 2 40
28 37 43
3 1 77
39 58 28
94 42 83
13 93 9
8 36 86
82 90 84
88 48 45
25 61 65
91 9 25
7 23 59
9 17 5
34 34 51
74 80 5
97 85 41
36 41 40
52 25 13
33 76 11
44 12 32
79 17 89
70 90 99
61 26 92
68 19 16
24 3 51
62 13 18
65 40 83
68 38 14
53 30 48
58 25 60
27 62 67
40 30 2
65 81 45
87 46 53
62 14 87
58 24 43
70 60 65
2 93 10
5 3 35
96 46 74
99 10 62
30 63 35
17 99 56
39 60 2
66 59 19
98 65 54
52 69 56
23 70 18
31 4 54
76 65 13
12 7 20
50 71 74
74 98 94
83 43 37
80 15 41
51 44 19
28 67 71
15 10 12
71 8 53
23 56 77
54 5 19
82 87 45
5 23 11
5 8 37
35 10 11
4 89 9
23 82 38
16 47 84
90 5 42
8 99 65
98 73 13
35 52 63
86 40 9
31 86 58
83 72 47
44 23 34
30 82 50
30 15 45
69 81 66
72 14 76
33 48 18
55 53 58
83 2 26
83 35 34
63 8 54
7 14 37
41 57 51
25 80 72
25 29 34
19 2 44
40 23 80
97 38 43
13 21 10
71 46 56
29 71 41
65 47 70
84 89 26
58 68 73
60 60 13
49 93 41
69 71 85
83 82 83
99 65 13
34 41 30
66 86 97
22 16 66
24 14 72
88 70 52
10 30 77
1 88 65
50 6 64
97 34 79
72 96 94
29 52 77
2 2 95
94 47 93
19 80 68
88 59 23
67 33 26
22 41 73
57 40 48
15 61 1
100 30 1
30 51 27
39 34 83
18 81 94
99 76 50
18 48 72
9 9 92
78 93 3
90 58 23
33 1 10
42 37 92
57 89 97
35 1 45
60 4 28
47 88 73
66 13 4
46 47 71
30 8 25
49 14 97
4 34 35
6 77 86
20 30 89
16 5 2
57 30 62
91 54 43
90 72 2
74 76 74
44 64 48
33 51 93
10 53 2
6 14 68
14 53 64
50 11 60
12 97 50
53 21 11
87 7 99
65 20 37
70 74 15
86 32 8
15 97 72
67 4 17
57 83 4
63 50 76
41 54 55
69 99 25
12 84 42
44 84 97
81 84 20
98 73 10
95 96 69
80 66 57
37 31 1
60 49 89
11 91 36
90 12 61
97 38 57
68 82 54
34 7 12
7 2 71
70 41 44
14 60 68
31 2 5
11 57 38
17 23 9
95 40 71
87 82 18
44 71 31
9 8 58
53 95 95
78 96 21
80 36 85
48 68 48
57 85 90
93 30 57
59 47 73
45 98 63
69 1 26
63 51 33
68 27 6
94 66 74
91 37 22
85 29 53
80 19 30
62 98 24
82 44 54
71 90 62
93 15 23
10 42 93
67 55 82
81 19 27
66 16 32
94 56 64
38 72 37
24 6 3
56 95 30
1 48 63
76 51 57
70 24 2
95 39 70
2 66 59
75 25 18
69 6 44
46 33 99
54 39 15
40 11 1
21 36 13
92 23 35
61 77 63
75 64 46
73 33 59
43 6 72
75 61 82
76 67 86
80 89 74
78 63 92
1 5 82
16 7 35
40 33 50
6 41 84
55 82 7
26 11 6
98 94 68
71 50 11
28 12 73
42 75 89
30 13 38
30 75 27
23 16 48
90 14 68
52 30 14
81 57 100
19 95 83
80 61 25
31 85 72
80 90 43
23 79 44
45 84 77
2 86 94
42 62 63
58 99 57
13 44 2
43 44 77
62 53 18
68 34 7
73 87 12
46 16 46
51 41 61
48 73 21
7 25 70
49 82 2
36 78 26
78 66 75
4 81 48
8 73 74
31 62 61
5 50 51
12 58 18
53 26 75
91 30 6
31 74 80
37 19 83
21 74 79
61 26 75
15 40 59
12 26 49
33 27 66
22 39 14
20 34 33
56 67 58
6 47 43
49 47 88
83 72 21
20 91 83
64 95 16
41 32 53
71 24 86
60 89 35
35 92 85
45 21 92
15 85 80
100 99 3
73 3 27
18 26 1
24 29 3
59 86 72
53 32 44
100 27 96
84 6 78
74 72 3
95 44 68
10 25 12
45 100 56
96 18 61
34 42 47
86 53 62
72 62 73
7 47 1
21 24 64
25 3 51
83 80 83
78 69 75
40 62 24
17 92 96
96 88 98
47 99 47
55 70 20
29 60 11
17 53 15
78 30 96
25 70 84
68 37 37
69 64 60
62 56 97
50 78 61
12 3 91
84 86 18
55 56 30
77 21 62
66 67 85
66 95 97
82 71 79
90 15 55
55 52 75
92 57 53
72 56 32
8 92 87
58 53 76
78 57 47
90 83 63
23 15 46
66 41 86
77 91 68
4 99 69
50 92 73
23 37 47
53 53 67
73 72 49
31 86 75
62 34 46
6 20 41
30 8 81
6 70 88
2 39 81
57 60 13
54 1 89
65 77 59
77 41 26
91 24 30
67 46 60
41 39 17
78 69 6
76 18 96
84 29 63
84 18 35
49 28 10
40 16 8
88 53 63
9 75 39
11 41 16
88 75 31
86 39 75
38 60 9
49 34 74
83 9 97
14 54 5
70 25 77
29 23 46
60 38 13
90 52 33
77 57 43
80 33 85
48 34 99
44 51 34
19 21 9
3 33 5
53 32 47
98 78 42
50 44 8
99 1 63
61 6 98
62 23 46
25 24 78
23 43 30
79 22 81
33 84 47
41 27 13
13 61 21
67 47 49
33 74 82
38 42 55
92 16 93
48 4 33
32 69 92
23 81 24
39 60 62
80 26 7
71 20 36
46 32 34
87 36 100
99 47 36
12 40 49
81 70 54
90 83 6
97 62 60
20 21 91
63 24 63
19 19 20
80 20 57
85 37 88
70 7 42
72 85 61
45 40 36
100 55 31
63 53 44
86 80 74
23 42 68
50 86 32
3 3 93
5 55 26
64 81 21
93 66 6
49 46 58
78 77 71
96 39 27
22 24 16
49 52 38
36 71 38
81 75 96
64 39 37
4 48 6
42 4 88
23 9 82
25 6 42
63 67 34
9 56 61
54 69 34
59 8 54
100 96 48
35 92 9
25 43 71
35 11 14
4 89 96
34 34 56
25 80 11
82 73 17
18 99 23
3 24 65
49 89 80
93 33 55
86 59 13
51 47 35
72 84 55
93 74 57
24 85 81
84 93 51
65 2 83
93 55 89
45 12 33
41 55 88
89 32 90
14 19 5
65 56 51
24 26 99
82 23 71
71 43 78
31 85 93
48 26 2
96 66 55
61 4 55
31 47 76
7 96 57
90 93 87
30 48 34
71 77 62
100 48 23
13 45 13
82 90 66
9 43 40
6 65 37
19 45 50
8 1 97
84 33 51
35 72 30
44 52 51
37 10 91
87 5 41
36 43 29
48 70 82
45 42 78
46 87 52
66 26 55
24 51 2
19 34 52
57 88 67
31 21 62
36 61 28
33 73 52
46 51 59
8 50 42
50 24 48
14 12 36
47 96 6
82 86 40
97 60 77
45 72 16
72 37 84
9 30 37
24 43 47
62 39 99
29 9 3
41 20 77
3 83 2
93 62 46
98 22 96
57 5 65
27 90 98
53 5 20
91 63 50
89 63 23
1 31 47
86 56 94
50 30 59
59 31 23
57 91 39
44 49 83
32 73 19
47 32 51
88 2 33
17 85 75
90 14 60
5 94 25
49 48 60
57 13 20
67 14 67
27 88 28
72 100 64
27 47 87
39 54 13
6 37 55
12 94 55
37 9 28
13 61 49
63 78 88
39 31 24
85 87 39
57 86 76
41 18 93
30 17 86
59 2 18
6 28 30
45 91 55
68 82 23
11 31 17
41 17 99
24 88 95
92 28 51
43 91 76
18 47 10
83 48 72
67 31 12
64 66 10
99 6 13
47 84 95
90 92 78
23 9 71
63 37 19
46 44 64
10 54 93
52 3 17
11 7 60
13 51 20
56 6 19
53 37 43
10 16 91
96 67 72
47 34 14
30 28 59
94 29 2
50 84 94
41 85 10
54 46 89
96 84 46
37 85 93
25 53 90
12 54 67
65 75 15
3 37 72
19 96 6
32 27 7
17 50 41
94 91 31
5 94 72
19 44 68
72 91 64
11 24 14
69 33 100
90 89 21
22 54 49
2 9 83
27 64 53
97 72 12
59 48 98
38 17 70
76 68 13
96 22 92
56 81 7
92 66 59
60 25 18
98 61 74
54 20 81
98 99 36
37 68 33
27 98 79
6 40 46
62 73 17
61 83 37
62 26 82
61 59 33
63 88 47
61 31 87
79 1 91
9 67 31
71 29 50
49 8 31
76 2 100
50 5 60
51 37 47
83 18 67
46 44 40
37 68 24
41 82 14
42 8 7
35 45 21
71 94 78
58 7 31
67 5 61
25 67 79
67 61 48
91 25 80
29 19 3
77 5 71
97 36 81
85 77 87
55 73 81
29 3 36
3 16 29
40 97 62
98 34 6
43 99 34
98 70 63
17 76 42
3 88 78
55 32 39
37 73 26
46 43 37
93 21 97
94 45 52
58 61 55
81 12 43
46 47 73
5 75 33
89 35 93
85 52 58
66 73 3
97 86 66
53 78 91
11 38 62
39 77 26
34 8 61
20 10 38
91 97 41
99 12 20
15 67 67
34 51 8
38 52 94
93 10 53
70 37 57
60 73 46
65 71 31
79 48 4
40 6 43
81 73 96
11 41 31
51 61 48
56 85 82
23 13 58
57 94 78
62 18 58
1 61 42
81 29 55
50 44 21
25 42 47
81 2 24
62 96 12
5 53 47
12 80 83
19 24 61
54 73 43
13 53 67
57 15 29
31 77 17
44 93 77
9 58 29
93 6 84
74 8 32
61 55 78
7 18 45
76 55 74
43 39 77
36 12 25
94 6 46
11 69 45
51 18 21
93 30 81
39 54 29
7 96 42
43 9 8
31 98 68
61 53 61
10 42 41
99 38 4
59 58 43
91 99 71
50 15 38
48 85 14
15 73 97
99 15 82
68 11 6
73 24 62
81 57 56
44 34 33
100 89 67
78 5 39
3 92 97
47 84 85
92 25 87
41 13 4
1 18 98
68 26 65
30 20 75
80 23 75
21 39 12
81 8 35
20 60 55
66 16 70
6 87 83
79 23 64
58 24 1
75 43 45
4 62 21
84 86 28
58 30 26
19 9 28
98 43 46
99 15 48
62 67 70
77 10 8
27 44 23
60 40 10
53 47 40
34 3 74
6 39 30
31 91 91
62 93 31
1 82 41
74 50 70
94 88 45
61 17 84
28 38 68
47 32 85
46 2 34
56 5 95
18 89 2
92 4 65
63 78 34
30 98 9
19 38 28
11 62 3
74 26 66
48 95 95
19 96 20
15 43 39
17 74 45
46 85 49
61 94 45

