Vertex_Edges 1000x5000

Sol 1: 1,793,430,375,827,1000
Sol 2: 50,570,109,373,869,800


158 709 5
126 248 62
835 954 15
924 907 43
403 159 8
668 356 99
238 538 13
747 597 51
712 339 37
783 55 5
374 992 55
356 738 49
448 604 83
517 479 99
357 139 87
34 677 35
533 29 47
83 997 66
601 276 97
809 633 60
505 15 92
393 720 96
921 526 82
965 362 89
201 378 4
869 209 85
662 491 18
52 767 58
600 889 64
504 713 81
330 812 42
683 643 97
552 552 79
371 437 58
713 182 45
844 394 95
142 642 88
989 7 64
41 639 10
672 393 40
517 371 59
183 667 64
530 689 64
553 162 93
147 257 99
532 428 24
783 518 99
197 461 76
792 356 88
382 294 17
766 298 3
240 113 59
262 218 69
508 892 49
712 695 69
677 339 78
998 288 31
443 993 68
598 446 32
636 349 35
312 563 48
594 391 62
764 770 24
357 767 64
753 233 35
763 480 83
445 378 57
171 577 34
988 601 80
283 995 5
56 906 56
615 588 70
818 355 57
501 219 71
433 860 99
508 135 14
881 390 27
967 55 50
932 211 67
698 263 82
208 294 90
721 824 96
49 485 72
663 841 89
15 459 44
194 935 63
188 618 75
656 74 92
645 566 47
977 566 73
401 368 37
351 979 16
243 726 76
830 658 34
981 681 30
58 730 40
635 131 10
458 125 85
271 992 81
252 414 9
315 924 9
248 696 22
89 522 69
748 5 31
414 473 16
56 26 11
507 860 85
461 594 27
425 76 4
694 715 46
662 208 58
634 567 7
749 99 74
676 178 79
425 71 76
506 192 51
887 39 80
976 269 20
772 24 30
672 143 43
346 333 51
580 508 82
261 694 8
305 78 45
365 235 94
51 53 90
989 816 43
825 656 90
654 465 44
35 274 20
374 825 48
742 902 47
69 442 77
451 451 76
818 243 31
453 685 95
548 229 92
741 626 78
95 869 51
801 522 33
106 999 45
777 16 30
863 489 85
812 57 87
768 482 58
497 573 58
245 862 31
982 217 5
116 549 90
800 941 50
495 404 48
977 359 37
427 402 97
924 99 99
375 509 59
305 316 53
612 908 2
947 55 38
742 134 34
511 493 16
769 112 15
235 280 23
334 804 46
940 837 36
140 170 11
400 671 99
115 32 10
393 413 59
478 924 34
754 513 58
409 488 54
910 302 95
799 309 96
62 776 22
850 525 52
898 183 60
620 139 11
835 296 96
12 325 11
813 441 7
876 25 57
487 186 32
686 666 11
287 980 62
39 307 33
454 684 24
556 639 78
313 380 8
10 428 49
795 396 75
747 477 15
76 695 52
15 659 64
586 511 78
580 719 44
465 469 16
688 931 100
668 706 92
907 783 65
527 122 47
575 274 80
992 772 10
60 598 45
834 534 78
391 597 72
21 811 28
626 447 90
28 784 4
147 154 66
811 503 99
292 620 20
513 909 46
636 725 78
316 104 14
781 824 57
953 882 14
355 547 44
613 741 31
15 465 55
446 11 31
547 398 89
664 287 30
448 967 73
190 176 92
917 254 22
992 933 90
9 345 4
684 686 11
282 158 24
613 685 70
290 370 85
772 180 38
96 535 14
632 720 46
701 873 9
138 899 44
930 992 45
346 819 7
131 993 69
435 42 34
512 581 26
950 572 38
482 185 84
600 209 57
225 242 29
461 993 51
920 851 86
756 393 64
965 888 83
789 630 88
915 910 73
978 330 18
636 64 60
289 936 3
361 670 43
275 316 58
529 947 17
774 674 95
316 449 48
510 134 54
619 936 70
112 558 17
110 284 72
848 857 51
707 505 77
814 513 57
622 686 16
475 364 61
554 621 5
565 965 26
604 241 18
24 802 42
227 429 44
853 983 60
216 869 87
142 574 72
412 94 37
41 458 77
921 289 37
115 18 76
588 931 92
847 73 81
860 355 13
221 818 7
417 972 51
877 300 24
655 662 11
799 821 42
922 39 8
977 68 22
937 608 65
277 2 66
179 749 27
599 268 50
563 855 6
762 829 51
935 56 87
211 118 62
207 342 20
446 198 54
816 705 47
755 179 43
926 985 19
22 977 93
35 669 60
229 334 18
163 718 94
746 706 60
792 448 45
584 747 34
249 465 64
340 564 44
843 460 91
660 23 69
610 408 22
118 695 40
942 1 94
611 663 42
296 518 1
583 172 73
796 207 91
433 676 79
103 70 47
345 456 79
288 729 46
244 713 18
2 350 53
605 230 84
11 738 17
707 716 63
772 313 91
573 724 87
828 437 27
662 332 99
146 519 90
564 854 92
713 95 58
918 277 100
202 932 31
519 526 88
938 457 93
664 768 58
321 391 89
209 980 51
343 588 10
952 843 21
561 51 33
188 71 15
931 83 96
644 414 80
434 966 18
960 232 35
758 337 37
953 861 80
731 230 2
131 839 87
801 301 95
876 411 81
36 117 1
380 421 88
865 961 76
409 221 94
806 863 4
835 633 21
494 164 6
932 674 86
518 893 29
849 529 90
977 923 20
474 244 73
68 387 45
672 9 19
113 428 97
958 308 38
592 259 55
771 459 98
709 898 38
903 358 6
118 324 11
732 34 93
750 259 96
919 290 76
499 689 9
652 605 11
264 742 20
461 522 35
432 938 22
827 242 5
84 308 74
829 461 15
603 965 100
503 395 28
887 468 50
6 891 64
318 757 55
240 379 5
204 835 2
359 307 62
270 530 15
741 588 70
147 814 73
849 201 27
1000 897 11
160 916 41
835 452 34
860 229 37
485 154 88
720 537 70
251 410 92
951 275 80
221 374 66
635 868 46
376 536 50
942 164 68
355 340 83
85 356 73
202 757 12
892 628 20
120 126 13
539 579 84
339 93 42
226 231 13
925 295 89
345 122 23
428 663 22
69 452 95
954 752 62
304 389 38
77 252 86
8 727 63
181 556 76
274 462 46
792 334 52
279 928 86
585 886 56
168 236 67
956 263 26
572 451 46
5 54 45
534 5 19
521 895 71
838 322 49
265 632 49
233 754 38
639 593 98
853 746 88
777 734 99
726 241 33
604 394 83
325 51 21
435 174 94
384 299 14
732 797 24
157 890 87
706 837 63
309 818 72
184 370 26
93 908 27
92 997 61
127 470 51
111 85 51
770 172 88
8 992 97
704 265 25
565 507 91
289 727 37
679 175 46
340 516 99
590 176 59
362 554 42
551 639 91
476 535 67
712 245 22
814 965 7
700 404 74
332 925 11
424 929 73
618 613 77
312 860 62
666 949 82
566 592 48
149 18 89
544 432 24
832 932 61
743 346 49
327 663 40
447 916 28
730 235 51
125 699 10
340 123 46
704 203 82
1000 372 98
162 664 79
761 290 55
918 518 76
228 878 8
228 416 38
786 439 38
390 78 52
178 2 93
621 237 5
186 464 76
821 706 29
131 828 87
283 917 32
824 771 49
692 97 89
718 226 58
55 580 21
173 951 92
392 922 42
280 920 15
405 87 49
552 844 42
80 489 26
963 577 67
608 172 88
194 547 9
662 791 43
519 136 62
696 205 21
392 382 82
911 100 23
985 733 27
256 589 95
72 989 65
77 577 48
980 273 72
508 978 6
780 270 22
389 134 72
254 728 92
843 720 99
774 101 34
236 307 51
455 977 56
590 510 89
616 486 3
605 56 6
570 860 45
851 676 11
486 333 78
245 474 74
831 184 89
234 608 66
413 498 89
920 809 12
752 345 58
914 790 7
343 744 13
879 62 59
942 357 1
986 502 50
307 573 31
563 787 79
419 593 22
77 393 97
512 589 73
456 485 57
232 735 59
476 602 67
637 175 57
53 290 78
620 61 49
927 438 68
504 409 2
957 707 2
530 549 37
744 453 15
158 494 79
771 356 15
580 45 5
905 951 82
456 323 63
163 104 16
449 921 57
908 893 52
411 628 6
338 90 4
179 333 64
425 791 7
361 374 12
565 210 47
398 579 83
206 448 84
727 991 89
654 294 82
463 494 89
407 229 83
196 302 84
835 341 50
57 257 41
411 946 72
822 204 41
169 840 68
142 69 74
809 504 94
683 595 53
707 430 71
162 314 17
361 812 71
55 243 50
777 246 20
112 420 24
366 95 75
580 196 72
651 428 94
845 744 29
337 889 73
732 573 6
6 673 20
586 659 7
708 705 37
406 987 30
144 419 65
881 946 80
393 82 50
944 891 50
661 860 24
830 500 99
220 945 71
959 542 26
308 494 7
830 127 62
101 503 19
582 369 62
230 791 44
494 491 10
80 605 59
642 930 4
120 355 77
254 75 2
7 774 57
522 150 79
868 264 98
284 434 77
707 406 3
274 988 24
979 624 85
323 373 75
272 906 7
728 796 42
298 949 80
480 490 2
753 159 28
997 145 80
774 724 6
408 530 28
202 761 80
660 852 13
246 297 34
810 982 31
672 994 42
437 366 76
940 82 91
636 73 14
295 347 64
848 212 85
48 886 69
827 1000 33
648 509 6
144 578 13
53 180 18
882 652 34
805 493 18
894 479 70
185 672 70
315 29 34
902 309 7
242 122 33
300 222 39
502 275 61
735 992 14
933 867 23
664 229 86
368 75 16
301 998 23
34 439 11
822 769 88
136 207 39
194 376 36
408 981 52
190 470 11
7 270 49
153 6 6
81 896 10
867 704 82
950 539 82
196 287 17
955 888 58
701 428 68
311 169 41
229 319 53
749 709 53
979 144 72
437 901 55
204 836 99
363 246 53
612 88 13
636 793 3
455 558 14
535 35 87
310 40 86
370 299 43
484 610 67
631 155 77
145 23 6
535 665 27
872 590 92
163 882 74
143 903 79
136 621 19
364 732 30
597 284 6
967 69 58
371 445 22
912 420 94
282 965 99
192 735 18
38 935 84
197 590 43
784 187 21
689 736 58
286 444 44
592 85 24
927 816 20
670 491 23
857 965 26
875 663 17
314 176 83
124 259 24
639 710 16
748 804 85
353 341 6
689 755 62
152 772 90
11 242 19
709 236 95
463 53 92
313 448 53
313 210 12
39 256 94
338 930 11
616 344 13
639 611 86
243 704 38
909 72 79
323 185 27
134 726 76
907 523 86
168 730 60
566 463 12
822 556 63
64 691 4
228 194 65
90 241 90
320 878 18
791 825 35
761 480 6
556 96 90
447 347 17
954 119 37
963 480 22
454 561 25
459 700 72
908 998 75
921 699 90
10 693 93
786 824 7
691 230 52
183 248 63
825 868 6
906 272 34
521 669 2
258 111 11
462 72 31
780 632 63
203 200 55
428 69 71
56 23 98
9 752 85
400 96 34
384 398 42
57 233 69
144 289 85
882 115 69
166 780 61
212 853 39
61 888 86
156 603 18
720 982 100
325 660 10
989 682 27
19 575 34
913 410 18
843 201 23
874 338 11
787 837 23
587 286 66
24 876 66
948 297 76
58 378 16
915 244 31
957 464 75
552 179 82
933 730 44
439 785 10
748 556 79
619 486 21
243 833 29
812 861 3
937 403 94
176 106 57
859 557 11
27 504 95
927 723 5
965 193 38
612 564 33
338 975 87
542 98 17
428 374 50
149 537 9
970 188 26
333 935 86
434 77 71
594 75 90
338 132 52
672 960 62
580 158 94
707 742 86
325 96 2
884 820 55
498 122 28
275 683 10
304 689 26
967 315 69
991 7 14
819 175 16
391 554 73
84 748 77
828 325 88
231 935 97
250 532 79
561 247 68
519 33 7
516 151 68
307 987 53
974 473 28
612 867 12
294 528 35
947 243 50
919 187 100
629 418 45
486 675 37
229 230 99
695 736 97
114 958 74
86 674 71
440 881 65
616 425 48
686 454 35
142 237 65
124 458 45
849 224 94
63 123 69
241 510 79
873 716 86
38 687 45
29 915 75
794 602 42
797 86 14
738 832 79
221 938 14
685 637 79
682 456 52
211 929 48
530 811 51
415 440 65
973 175 46
902 519 3
143 57 98
490 674 68
753 108 84
137 617 63
596 457 39
945 100 82
243 481 8
473 957 18
832 745 38
768 914 13
956 531 48
777 621 32
724 961 90
908 120 93
922 372 56
435 905 72
192 749 36
423 269 28
880 355 18
855 735 72
458 167 5
715 157 27
28 498 12
310 218 69
398 226 57
486 136 83
865 34 73
541 281 54
887 497 39
278 419 42
396 641 36
733 181 72
724 272 50
458 68 19
516 635 24
26 503 91
99 634 97
641 400 68
824 651 89
334 985 79
193 931 59
835 835 61
26 230 41
643 282 62
85 835 80
918 940 93
475 483 62
2 740 38
227 611 21
889 995 60
826 510 30
666 200 63
627 389 26
132 562 32
844 979 89
137 205 85
900 753 52
837 393 71
319 505 70
393 274 56
667 581 87
631 118 82
111 367 33
330 210 33
514 161 50
655 661 54
956 466 76
776 920 41
724 97 48
853 436 90
540 307 47
677 581 90
884 492 40
751 654 22
744 236 9
698 693 30
496 611 83
202 322 31
538 516 40
204 216 32
522 978 81
561 965 62
33 975 94
492 933 88
604 816 73
242 59 74
596 850 12
81 434 53
932 45 12
472 78 9
317 331 39
265 851 86
84 797 78
609 239 89
491 873 79
708 292 15
101 888 32
38 531 4
669 189 26
485 972 46
342 450 94
991 181 29
140 443 43
788 669 77
316 701 88
351 880 95
206 443 18
723 309 46
51 951 1
44 881 21
439 241 18
517 234 66
209 431 49
638 692 61
60 384 2
504 274 75
931 967 53
243 496 76
936 172 74
496 566 4
466 404 48
464 128 57
916 394 6
333 794 46
788 592 100
361 313 65
924 73 88
251 462 27
948 180 5
868 451 71
874 601 61
378 552 81
88 414 73
441 134 38
982 407 50
643 150 87
401 264 10
879 303 12
3 417 70
557 884 8
548 206 62
524 604 77
142 379 68
26 971 52
368 593 13
813 791 11
304 656 35
613 752 92
416 123 15
781 644 20
209 44 48
240 524 99
99 984 31
516 543 43
812 870 91
710 786 36
597 134 46
924 967 46
949 122 99
102 639 24
582 60 51
879 579 82
468 917 82
353 904 85
687 114 82
988 870 92
810 788 53
982 770 69
113 844 18
994 299 83
776 880 24
284 837 23
456 148 92
268 611 77
302 834 45
950 712 22
217 965 12
929 600 44
324 246 7
738 957 51
416 196 33
806 314 49
109 457 73
597 720 25
68 572 26
583 638 56
407 745 17
614 272 97
28 270 70
281 52 79
746 645 92
917 676 27
508 463 7
933 91 49
173 80 45
749 466 73
412 74 93
348 458 86
843 382 67
721 65 91
263 988 94
328 263 82
499 924 31
300 407 62
537 213 70
148 836 8
477 207 28
332 39 50
216 742 25
903 684 41
418 458 8
150 215 74
839 145 66
547 525 23
801 441 56
465 599 24
912 343 21
449 801 76
18 623 98
385 405 99
189 50 38
64 686 15
694 903 81
310 434 88
117 279 52
903 199 69
914 298 72
50 721 36
887 729 84
368 999 39
622 702 52
518 374 86
180 51 35
441 487 24
551 458 52
605 676 28
753 150 44
382 701 25
422 229 47
885 712 55
622 104 2
139 923 34
848 932 30
551 710 6
633 3 5
603 442 26
716 761 78
470 683 52
50 655 83
345 897 40
997 452 41
717 800 80
172 833 79
988 99 49
77 931 100
670 84 50
931 350 52
654 417 48
910 619 16
919 838 19
329 110 18
216 423 32
821 402 80
992 60 75
164 94 100
373 271 64
514 963 73
202 880 35
843 83 21
782 981 68
501 302 19
792 3 23
537 304 66
120 294 71
207 153 83
186 717 15
62 44 81
978 108 98
99 644 40
316 760 70
136 495 47
732 831 1
174 975 58
935 140 46
25 815 49
58 176 22
362 74 86
174 138 92
764 900 2
237 582 35
52 42 14
373 329 35
415 25 63
846 948 71
742 722 68
186 225 12
350 870 83
791 293 47
938 951 71
218 591 57
596 706 91
261 154 1
30 210 35
595 314 60
517 852 95
7 741 32
533 176 42
986 617 97
9 615 23
737 308 65
651 531 36
793 854 19
158 711 73
26 761 43
306 469 58
673 303 28
474 676 45
478 381 67
999 225 48
248 980 93
903 448 20
797 243 43
744 969 36
922 857 96
232 817 57
289 753 5
625 212 91
914 789 9
321 813 92
493 503 63
512 195 77
295 349 8
986 282 18
608 205 45
999 665 21
7 414 46
414 270 45
197 341 15
797 51 3
217 792 40
590 130 19
488 258 43
105 955 5
216 595 24
19 891 63
968 745 100
320 877 2
490 617 34
610 299 46
237 442 60
240 224 73
827 890 38
570 990 12
724 145 12
826 592 5
443 340 61
700 917 32
79 126 100
127 22 92
461 271 26
752 870 4
133 714 23
104 374 84
109 463 89
146 466 21
800 377 98
30 917 59
562 644 97
787 530 39
909 649 38
340 978 60
509 236 59
706 208 60
637 132 26
237 466 50
877 533 7
117 108 7
707 541 80
556 292 34
508 245 75
889 184 93
268 278 85
74 755 30
579 103 77
433 689 11
219 145 93
888 721 5
188 631 64
103 907 94
45 283 84
198 561 4
732 528 1
926 634 45
143 720 1
728 420 72
843 685 7
52 321 18
399 96 19
692 824 78
869 800 48
367 22 74
694 374 54
204 1 54
600 185 97
861 814 34
931 272 35
831 690 63
550 376 32
997 47 53
364 13 9
553 179 42
451 886 68
249 967 24
58 969 34
96 810 11
880 558 12
261 307 29
495 802 85
934 786 47
832 581 95
737 87 77
722 329 45
180 682 2
636 816 60
921 793 67
387 643 85
835 380 4
621 917 22
741 794 19
509 320 27
980 244 25
956 887 45
519 440 43
708 60 10
494 868 20
420 859 6
790 823 22
741 182 48
212 590 27
689 859 43
839 854 77
934 180 96
759 519 65
842 832 17
804 671 42
445 380 94
481 196 92
908 994 73
734 329 91
469 863 16
316 455 99
857 966 13
430 479 37
38 511 100
880 625 12
310 728 51
706 84 73
727 194 31
239 691 20
941 778 90
645 49 54
940 112 29
200 371 41
451 914 14
286 652 10
184 355 90
775 687 62
410 408 93
680 931 51
145 927 65
833 527 59
903 130 5
368 996 79
511 916 67
992 591 11
4 775 76
849 333 78
200 421 2
852 168 76
618 844 89
694 530 88
211 320 9
265 710 99
466 105 69
265 609 23
546 294 51
14 945 10
726 495 16
395 414 58
939 326 65
866 854 97
346 171 67
837 594 6
445 970 34
67 827 22
763 970 13
568 3 33
936 701 97
519 502 88
735 470 70
971 152 33
543 544 45
802 9 91
46 541 98
11 607 6
418 71 78
627 768 78
969 913 47
78 227 22
971 449 84
658 311 76
983 695 31
443 336 56
252 170 27
477 152 82
386 252 99
317 813 95
346 864 73
451 487 22
428 566 44
126 878 2
809 873 98
767 127 10
680 635 6
363 5 6
883 686 81
705 585 42
755 810 14
234 856 46
510 521 2
592 823 54
79 724 69
169 683 38
544 377 29
834 779 61
888 100 73
923 915 90
387 8 75
272 863 91
297 619 2
867 441 66
420 396 64
908 796 56
545 722 22
43 753 27
123 343 22
798 572 21
262 997 55
66 723 21
328 835 87
757 972 10
912 292 46
926 217 14
594 333 100
37 651 12
919 741 59
223 924 30
373 794 5
426 829 63
16 719 76
838 965 60
26 639 87
624 941 66
192 939 16
165 530 21
268 61 56
770 205 25
397 521 73
169 433 66
867 32 84
416 311 16
444 166 10
129 57 16
479 930 96
855 826 45
731 942 31
286 426 14
956 851 14
996 803 2
422 61 39
161 523 30
828 225 23
436 875 24
582 289 88
577 800 66
907 198 53
402 771 89
192 942 28
553 385 22
13 565 5
861 931 69
248 665 10
118 365 75
516 146 48
265 154 93
561 727 67
416 60 32
992 146 71
282 140 79
449 184 78
93 126 3
782 805 69
551 993 91
512 766 69
575 380 100
881 842 7
78 19 9
159 772 3
71 734 69
116 388 58
803 265 18
776 533 100
624 642 15
415 257 27
940 851 43
505 482 18
991 362 90
260 790 51
909 546 63
108 744 49
926 929 66
432 819 74
268 681 8
969 897 44
487 931 98
936 853 14
50 771 93
700 914 76
692 875 38
286 760 85
348 341 84
599 292 79
76 790 85
866 803 20
585 559 85
768 596 61
362 763 43
322 463 9
896 893 18
341 689 65
637 468 76
294 587 43
47 474 51
980 336 52
980 697 18
40 488 83
145 787 18
498 286 63
83 414 26
53 97 93
203 625 96
330 785 48
46 288 22
379 684 70
175 260 1
894 449 50
526 949 4
992 685 83
450 743 69
894 290 74
9 920 8
896 340 62
934 617 19
455 690 79
812 93 1
30 875 8
875 600 42
521 238 51
253 951 72
452 909 88
936 592 21
145 144 47
542 923 15
743 353 40
365 442 62
938 324 12
396 292 2
146 539 35
678 50 71
512 502 26
770 502 66
108 834 70
913 974 62
979 729 56
372 144 67
508 424 46
956 49 36
491 553 76
861 734 85
838 761 25
841 87 61
298 150 60
824 517 30
438 77 60
878 371 1
171 259 86
999 228 79
532 42 73
941 726 97
584 445 37
157 502 56
573 576 93
571 443 44
743 478 50
632 636 34
278 750 12
905 692 35
228 410 47
216 547 63
402 781 65
852 194 49
844 781 52
3 307 46
808 861 19
300 402 53
306 10 73
500 736 36
638 68 72
731 389 100
557 947 55
949 310 32
913 242 47
322 369 85
123 399 39
321 680 83
172 910 85
718 428 67
513 380 6
993 44 64
348 449 36
808 825 53
260 197 35
901 713 50
629 702 71
704 566 99
422 670 94
485 907 76
122 314 52
758 718 58
714 53 6
889 847 38
411 777 30
776 411 81
950 674 19
613 282 87
979 267 35
496 410 3
705 54 63
313 737 23
365 770 64
342 324 30
717 781 92
472 768 67
152 915 73
36 141 9
919 533 15
603 291 96
317 15 36
663 930 85
962 459 94
527 911 53
419 186 53
822 403 72
720 27 33
983 154 13
591 432 79
575 304 67
108 440 56
665 780 100
551 575 94
524 843 31
894 830 96
12 522 35
584 874 41
216 861 40
24 836 57
917 769 28
805 823 22
363 930 55
606 293 85
483 419 73
965 973 77
709 574 54
427 155 54
936 190 44
403 11 65
696 901 19
379 82 1
507 397 84
574 727 19
463 50 65
97 482 86
500 965 29
110 415 55
390 263 17
158 113 44
53 925 61
963 610 4
212 829 61
597 860 31
566 520 25
856 429 19
736 494 23
315 906 99
605 907 91
504 211 49
362 427 30
237 423 26
394 959 35
189 223 93
310 798 40
729 543 69
583 350 11
688 673 47
921 368 58
834 89 14
495 823 9
380 201 94
245 531 1
780 947 16
578 903 55
829 377 62
343 36 74
141 735 73
743 944 27
758 378 88
240 586 14
719 155 68
13 964 22
610 348 83
610 380 53
496 55 4
702 208 30
165 64 58
361 48 57
21 540 64
133 461 60
415 530 32
951 107 62
148 410 59
18 957 96
161 103 74
633 17 93
524 831 39
581 829 56
140 447 56
553 31 20
633 548 89
382 895 71
389 77 66
487 250 51
712 974 62
264 928 51
286 95 76
84 620 99
558 512 5
278 650 24
331 412 28
693 169 81
550 715 11
174 708 49
974 667 13
648 402 82
533 46 37
91 338 77
251 93 100
524 79 31
180 905 59
528 785 93
577 657 37
559 106 76
1 773 38
441 107 33
241 742 56
717 298 86
538 691 62
422 407 69
168 558 85
704 4 41
426 770 19
75 939 46
786 303 72
376 256 25
709 624 32
619 329 51
56 305 41
960 892 77
7 550 36
557 900 71
500 556 79
580 703 29
88 250 46
833 623 64
708 587 18
840 574 57
608 652 75
93 120 29
569 205 24
593 197 73
673 826 46
587 400 30
790 331 33
715 462 60
824 703 60
132 204 25
40 790 35
21 156 51
469 558 19
109 630 46
407 186 68
452 500 60
442 391 75
11 448 91
590 531 86
405 200 7
846 457 78
571 940 64
273 113 27
724 922 65
823 338 35
325 167 100
851 763 52
795 814 84
644 803 13
89 540 52
125 681 68
605 177 90
814 97 64
49 33 89
586 186 34
556 156 83
68 994 98
789 693 72
652 289 63
634 337 5
356 515 42
412 939 90
186 339 69
195 193 89
774 885 69
874 177 84
551 646 72
964 424 8
845 114 33
968 812 3
931 18 82
372 146 60
202 734 23
525 493 57
396 885 21
634 392 18
350 701 38
618 129 77
200 854 36
544 117 52
216 932 53
534 64 51
519 12 61
712 853 27
876 771 86
708 677 65
364 150 7
608 48 37
171 176 8
624 920 60
703 405 94
675 403 46
61 581 52
60 578 4
642 134 34
741 266 4
236 701 43
891 541 83
600 204 33
885 630 79
661 723 10
859 358 54
556 203 71
393 294 53
717 131 42
997 600 83
783 415 47
439 55 36
67 207 86
927 548 85
897 160 10
530 364 93
280 434 53
187 381 27
577 512 9
60 928 72
237 761 6
873 572 45
714 216 10
944 759 44
923 818 2
63 991 82
414 662 99
506 459 60
981 333 23
790 627 34
986 579 62
949 105 12
192 239 43
60 478 38
411 532 92
640 857 23
600 59 89
151 442 43
563 553 83
912 146 23
843 655 11
384 961 8
484 888 8
793 846 41
893 24 24
93 657 58
567 945 75
323 559 26
305 259 21
424 573 77
859 725 57
921 703 77
344 694 24
829 443 20
733 55 71
434 609 2
166 726 28
250 606 2
705 674 18
24 538 30
892 152 56
957 247 92
713 233 88
942 154 68
56 965 20
250 241 40
845 345 23
621 499 17
316 691 74
302 529 16
823 53 28
451 301 53
545 539 43
150 962 65
334 205 6
495 263 24
538 751 54
297 238 61
39 475 91
545 616 7
677 241 43
449 47 21
437 357 72
976 532 54
706 221 20
433 412 36
467 266 22
314 820 99
916 927 58
939 398 66
592 474 16
635 502 17
986 872 86
451 719 42
898 790 70
811 360 7
524 673 33
617 557 62
580 16 93
131 890 29
976 700 59
9 209 19
881 523 56
62 57 52
392 865 62
84 375 92
361 77 42
635 445 22
109 373 6
621 165 5
685 319 98
917 41 7
694 44 5
705 863 31
12 288 27
208 209 36
802 747 23
53 56 26
895 953 42
502 392 37
129 431 61
622 434 90
618 291 80
62 555 54
337 718 7
743 396 59
668 139 89
597 276 71
938 420 14
221 865 51
627 440 53
594 133 89
144 73 93
747 734 27
957 168 49
254 477 47
143 967 53
659 351 21
817 405 14
312 721 25
867 295 51
104 813 85
214 114 47
903 165 7
157 419 90
19 37 10
304 336 58
326 133 15
869 691 31
679 726 14
366 375 65
9 528 90
59 696 74
542 149 52
64 503 24
828 443 61
536 315 70
486 782 73
417 8 30
679 597 41
928 999 18
879 298 91
771 882 28
910 975 91
107 355 49
735 407 27
589 417 52
440 883 3
768 943 78
699 518 85
3 960 83
749 544 40
76 246 86
777 652 39
41 609 83
415 183 63
144 405 43
52 788 39
498 968 16
638 421 84
675 722 28
405 626 14
235 963 79
223 321 86
747 291 27
390 493 41
345 496 99
331 1000 91
643 583 18
541 34 100
906 557 37
476 981 28
705 997 91
11 482 80
864 634 80
826 39 77
721 643 18
165 918 51
530 516 44
550 812 23
500 349 37
26 243 35
731 225 84
63 531 8
299 171 54
743 10 71
199 62 28
205 445 31
783 14 41
50 502 51
681 274 51
876 527 75
520 860 58
610 530 60
62 441 24
710 708 57
183 399 30
616 864 62
370 742 80
471 57 20
965 183 23
709 911 89
581 713 86
690 349 68
550 331 35
348 762 44
709 109 23
988 956 35
253 533 90
333 909 78
809 184 95
841 764 52
34 14 22
528 472 58
532 365 69
688 155 96
261 203 34
413 265 7
899 80 38
985 374 66
558 690 9
223 638 85
316 38 45
40 764 35
860 620 5
489 112 54
518 36 93
555 867 3
638 223 96
185 923 71
289 241 64
572 52 14
320 375 64
416 986 32
564 33 11
799 288 97
526 117 38
655 750 34
789 60 30
532 938 52
363 878 60
647 191 45
331 434 63
489 213 69
723 392 100
736 879 59
319 109 25
896 186 23
903 551 15
416 155 60
136 214 73
720 677 31
438 182 89
360 884 25
810 439 76
469 277 33
991 637 50
799 891 64
372 292 99
869 692 57
415 198 3
192 518 38
521 834 33
612 254 62
243 891 44
33 249 34
898 999 52
421 146 49
175 863 87
810 621 100
201 145 68
913 327 96
998 889 34
16 47 55
577 997 99
449 882 50
931 879 99
406 115 81
943 509 80
558 255 69
553 50 22
630 552 68
893 194 86
994 312 57
19 705 70
851 161 99
78 995 41
548 378 20
280 475 4
116 395 41
31 689 59
365 159 70
249 935 85
986 977 7
100 184 66
849 608 38
890 319 87
482 832 22
667 87 45
244 511 12
987 534 30
903 122 9
54 411 62
933 822 11
667 876 22
258 821 15
264 289 39
91 943 16
35 613 21
967 432 43
988 816 46
832 824 91
961 433 89
800 499 32
565 140 66
553 70 73
581 111 51
189 161 69
564 700 63
638 969 50
111 78 45
521 901 14
899 260 83
556 172 71
694 704 69
448 265 68
757 834 81
426 841 16
402 598 56
21 651 96
912 309 76
166 971 46
938 254 11
873 997 24
512 897 47
430 313 92
503 5 48
896 373 17
922 820 78
417 598 8
83 949 99
453 77 21
991 805 18
402 102 68
241 992 74
314 533 25
566 903 49
707 673 9
710 366 42
852 415 60
780 686 9
303 831 94
483 307 18
189 723 20
449 617 65
463 753 51
432 252 2
389 217 39
346 497 80
419 779 25
181 884 31
343 485 12
988 107 28
664 100 48
177 51 69
624 345 44
310 340 84
696 385 1
96 63 40
704 767 63
689 552 70
670 888 53
634 639 80
117 136 99
585 997 69
816 138 35
18 320 14
918 321 70
155 358 25
413 876 97
255 898 17
819 431 45
303 876 90
430 749 44
128 602 14
99 955 60
394 790 68
288 334 32
617 793 51
658 956 71
826 746 86
558 65 8
963 141 38
491 442 67
667 614 12
538 840 93
59 96 12
584 189 2
503 219 53
678 495 69
988 498 65
516 502 84
472 272 12
177 386 14
62 713 13
797 726 36
541 761 11
244 983 94
881 777 75
366 608 33
533 422 7
240 176 25
461 597 55
426 945 78
722 479 28
141 43 98
602 416 54
408 415 60
674 794 38
368 943 22
514 660 82
580 202 66
587 392 6
375 127 83
191 613 13
464 825 98
142 389 42
266 314 97
452 469 26
738 199 40
290 366 64
667 205 77
335 947 13
14 233 85
502 21 44
169 387 8
36 574 60
392 962 13
684 323 59
369 229 22
256 266 45
352 256 56
537 686 6
635 881 69
364 511 100
509 695 83
372 253 14
137 4 46
424 742 59
269 801 13
294 324 94
529 348 39
641 209 85
359 272 77
982 179 7
651 39 1
967 251 2
967 104 25
396 385 16
93 211 19
526 151 12
187 717 75
408 399 89
875 497 50
340 218 3
507 754 50
845 551 76
255 147 54
121 540 68
1 793 24
935 514 87
57 795 82
970 58 82
678 627 39
944 997 10
987 495 19
254 354 7
663 350 72
540 710 47
276 897 98
231 970 56
528 858 45
500 114 12
229 288 67
965 838 3
32 472 16
488 351 22
689 495 27
744 731 29
247 951 39
302 238 4
87 245 40
108 295 27
197 370 29
736 492 57
671 162 52
449 620 41
412 431 43
336 692 61
838 456 75
946 180 51
185 508 81
234 478 55
223 935 61
150 557 8
356 893 95
673 152 39
364 693 44
53 33 59
424 430 4
938 504 66
114 380 93
223 376 25
39 990 65
579 315 21
903 454 17
135 969 48
437 613 39
917 873 66
860 215 20
711 603 29
61 793 96
135 177 28
676 824 100
360 755 1
536 737 24
413 272 60
136 294 68
501 496 9
797 446 95
421 162 6
696 752 3
146 628 74
802 583 47
775 856 89
580 241 64
78 626 80
711 531 23
741 645 92
713 219 15
131 475 65
89 468 16
472 836 86
615 801 47
188 363 1
534 583 79
69 123 60
766 216 96
584 599 43
623 785 29
533 712 69
897 665 92
993 316 60
998 201 26
431 465 71
885 731 89
110 613 64
670 524 61
630 807 40
474 304 84
513 16 9
645 375 30
566 403 59
978 481 61
474 185 70
453 464 47
454 341 97
373 509 92
757 115 50
575 731 99
260 291 59
792 665 54
414 640 96
471 290 60
543 203 48
90 554 78
240 415 22
525 718 97
693 116 99
181 33 56
559 347 78
848 187 24
468 719 13
649 742 53
765 478 15
665 568 81
987 261 34
986 212 83
596 630 45
564 40 59
684 588 88
494 575 60
586 392 37
329 355 56
175 166 66
246 473 30
170 282 87
124 750 68
183 590 27
894 276 100
891 804 57
629 242 4
730 627 20
420 769 29
144 445 53
71 653 46
567 653 25
468 635 91
341 881 26
959 594 78
582 694 20
430 375 20
988 749 23
675 633 11
300 648 36
927 884 59
18 76 50
240 691 30
230 521 56
963 978 24
751 698 6
812 466 82
590 254 45
860 754 5
687 819 14
535 313 1
795 431 43
331 12 62
786 97 4
89 833 47
901 538 82
101 224 32
171 9 51
256 157 43
675 547 47
443 761 46
313 629 19
608 987 93
497 517 12
426 179 40
999 412 32
758 585 91
432 577 73
96 966 74
845 719 19
604 674 35
741 122 21
853 540 42
542 466 91
288 395 20
130 397 95
182 19 31
740 415 1
147 63 8
557 572 50
86 585 22
407 265 51
474 14 35
970 75 100
793 324 21
924 956 93
46 159 81
44 389 43
699 768 42
801 187 35
60 839 58
222 78 28
22 552 2
715 445 34
567 393 43
984 173 70
147 217 80
534 299 29
504 905 40
577 244 31
498 631 50
384 494 32
604 19 94
661 847 70
446 344 4
42 364 7
382 310 79
651 746 86
218 816 27
650 223 6
705 570 67
421 397 78
602 706 94
572 860 69
54 862 87
130 444 73
295 209 65
678 511 74
166 554 19
695 855 13
776 718 24
333 22 57
24 213 26
784 76 86
179 760 78
592 297 58
656 236 66
389 468 92
844 529 15
434 124 94
58 734 100
447 34 14
13 77 1
484 619 47
994 167 38
641 67 81
632 990 80
774 104 73
991 907 4
365 187 57
353 92 36
242 116 3
801 23 29
518 31 30
265 285 67
974 118 52
297 858 4
537 506 81
425 675 40
342 596 98
692 655 74
332 671 31
805 491 45
505 682 53
804 840 67
722 945 53
751 566 29
23 283 75
528 37 56
906 840 4
149 169 96
710 818 42
12 649 90
946 860 46
610 46 88
623 997 62
449 965 91
430 523 65
769 770 23
802 613 84
675 345 88
933 118 9
938 124 15
503 439 98
457 632 88
41 232 75
906 830 9
394 684 89
217 911 71
727 1 51
362 878 76
985 55 53
342 518 29
933 568 53
282 725 58
510 437 15
558 774 21
549 729 29
239 6 16
460 363 71
967 153 47
601 351 5
613 967 84
425 974 31
685 879 80
414 843 26
833 321 49
643 348 30
517 866 72
545 428 14
548 862 14
339 210 54
708 329 85
131 871 72
998 823 37
704 313 65
838 316 66
552 265 72
703 72 10
531 407 67
752 194 90
306 942 50
865 292 18
810 79 91
267 624 97
807 278 25
997 129 34
430 107 21
991 577 58
279 476 13
766 104 3
906 117 10
487 520 65
93 317 14
965 64 22
250 704 33
404 129 43
529 234 53
297 665 33
508 703 55
101 920 42
942 17 99
118 509 91
163 937 75
947 260 95
568 264 98
142 728 61
691 22 96
386 727 45
605 3 84
688 514 57
328 417 70
778 753 71
760 840 72
464 680 20
440 46 20
990 886 72
789 791 30
615 32 21
828 544 89
740 555 21
402 778 50
745 828 2
728 720 89
606 114 26
321 318 81
692 648 11
888 960 10
159 841 34
723 581 52
839 581 100
42 231 84
938 632 37
93 169 67
792 979 96
895 426 55
770 319 29
766 403 68
309 976 91
271 415 32
192 993 2
156 309 46
648 326 52
580 209 37
439 774 53
790 892 24
444 866 96
863 877 78
818 951 87
111 996 96
957 349 71
66 786 12
793 430 33
653 933 79
856 903 41
445 567 69
701 61 68
242 928 1
799 162 44
560 169 48
505 75 26
938 655 95
12 649 93
616 412 34
845 997 93
871 129 68
61 143 52
1000 899 14
449 619 24
50 226 91
327 303 92
552 290 56
396 955 65
667 208 10
605 497 40
82 238 95
803 155 19
810 97 5
865 78 15
728 214 59
452 824 16
377 376 33
850 393 90
856 138 74
458 3 68
289 416 100
139 475 89
993 281 15
74 979 54
623 647 81
230 48 27
217 889 26
863 686 93
193 944 54
661 453 17
34 755 75
442 319 79
31 340 9
552 581 76
614 560 39
399 45 70
278 33 14
914 459 52
475 17 1
790 872 7
900 381 70
17 781 20
830 259 40
75 338 59
811 233 26
926 491 73
754 932 63
124 265 48
446 445 54
883 812 62
317 217 96
389 973 98
216 485 94
648 458 38
284 485 64
370 7 7
129 539 45
116 513 37
825 771 24
674 598 95
650 245 58
832 613 26
530 531 96
310 482 77
77 286 32
499 747 37
607 992 44
637 346 92
345 252 2
116 838 21
358 600 15
984 260 56
251 812 10
282 70 48
77 407 18
37 562 6
286 413 50
598 380 23
532 930 51
906 389 45
649 339 26
76 840 64
632 509 25
659 840 51
761 458 44
252 166 45
644 256 55
947 403 20
302 55 23
761 301 46
375 827 9
523 298 57
709 325 54
418 894 13
270 492 52
717 207 42
290 958 11
698 918 83
973 56 70
262 398 66
53 223 83
909 701 50
633 821 42
419 108 97
163 274 86
906 948 73
868 163 48
265 373 77
390 424 74
767 708 31
10 882 100
767 379 2
886 315 3
655 395 80
226 168 2
244 351 59
482 119 26
265 955 8
917 954 100
73 476 57
625 319 78
25 230 81
502 60 73
776 671 52
53 317 99
576 705 86
479 186 16
389 139 45
19 128 82
480 363 45
122 513 44
841 758 14
390 41 8
458 692 53
129 820 62
103 927 79
602 273 76
682 652 66
853 910 65
676 749 41
94 450 32
467 208 9
69 898 39
70 117 52
701 399 98
994 323 47
338 584 95
634 687 5
168 767 91
986 581 45
522 76 86
773 298 9
248 19 47
890 180 55
437 641 40
212 893 28
858 596 16
151 666 48
773 868 43
801 409 38
165 842 28
514 89 1
407 982 90
707 279 92
179 329 26
390 855 80
138 489 85
146 289 4
531 66 37
886 723 90
405 295 79
530 745 46
167 744 90
774 997 73
448 122 85
508 505 4
67 694 92
435 2 44
397 594 80
163 972 68
150 291 40
804 894 72
525 896 46
746 42 21
940 93 98
623 207 85
741 850 47
75 988 15
259 900 99
51 429 9
399 687 51
59 520 69
615 525 84
357 389 58
724 457 80
36 732 34
307 117 24
61 901 43
636 450 48
44 104 17
784 628 61
161 721 70
668 278 91
648 425 35
79 437 83
851 397 30
633 183 92
63 940 30
176 412 78
747 386 77
687 280 10
900 352 2
776 103 16
904 718 42
372 882 59
373 243 40
363 513 60
927 261 46
454 96 35
557 252 63
204 152 57
559 274 4
629 124 43
141 474 78
563 649 63
844 306 74
39 710 1
865 613 10
711 195 96
389 939 67
105 761 64
728 32 58
382 623 48
634 75 25
528 743 34
388 339 98
834 833 51
395 852 73
834 237 86
381 946 83
503 310 65
319 831 80
680 955 13
2 478 47
672 26 39
382 241 68
516 725 18
254 450 77
670 848 62
298 837 29
417 453 19
467 554 32
333 195 11
53 926 80
744 857 20
20 866 13
160 226 25
347 352 83
223 348 36
354 848 55
618 624 61
297 126 64
669 843 13
256 863 10
808 166 9
55 100 50
395 300 36
52 426 35
335 247 48
253 751 30
707 19 93
6 64 89
742 291 40
548 357 53
20 868 36
709 702 98
822 731 5
866 596 70
38 916 57
317 890 30
690 499 48
235 151 14
482 227 37
368 9 91
297 655 98
99 1000 99
220 315 10
951 509 92
900 761 43
764 956 52
285 25 9
250 479 34
612 475 59
655 538 20
674 271 30
720 913 87
695 472 22
25 13 51
94 708 29
835 421 99
899 618 45
367 432 6
433 649 19
452 358 5
384 521 94
813 614 93
839 100 57
823 886 27
456 668 61
319 482 5
783 876 1
654 766 56
441 131 44
413 71 35
459 25 33
225 215 7
899 231 57
116 242 28
870 121 38
444 209 67
51 709 73
583 479 54
108 69 7
119 2 74
77 805 78
3 640 20
514 311 39
800 869 55
734 943 1
104 108 43
642 603 20
320 347 99
579 42 53
489 827 85
181 100 72
688 499 80
193 224 50
64 855 95
717 564 59
658 257 44
198 576 14
218 24 88
813 66 72
707 876 89
448 749 9
495 660 100
749 641 73
259 69 11
106 307 93
214 70 1
150 52 86
257 937 41
658 278 51
390 847 43
413 83 48
752 589 39
229 964 4
409 962 47
359 392 5
609 428 59
353 212 18
549 412 77
176 851 70
214 408 4
677 571 62
904 789 9
623 432 16
275 861 93
730 511 96
269 557 11
66 20 73
919 968 88
175 164 71
223 323 93
322 739 82
783 345 80
56 325 91
442 746 80
200 378 26
402 694 51
818 100 56
374 451 31
250 249 90
220 340 50
611 232 95
546 890 70
23 27 59
704 561 22
570 191 43
539 226 33
287 171 92
781 497 6
673 984 11
374 538 55
224 684 68
959 457 16
662 710 13
311 631 89
492 634 54
678 175 9
415 647 83
436 284 48
492 183 81
491 279 69
41 608 12
525 796 20
440 886 72
856 364 83
801 430 8
853 141 73
663 745 90
830 1 25
549 348 13
440 213 98
360 676 53
654 573 48
366 237 96
546 517 96
980 918 35
828 251 49
719 648 54
98 852 86
314 866 28
830 702 86
38 871 100
117 67 48
173 815 47
347 944 18
92 979 34
537 681 53
114 191 55
324 28 77
746 351 17
16 729 62
756 130 59
292 253 12
484 673 50
39 968 3
699 323 34
786 94 53
609 260 58
496 781 81
679 883 62
689 880 27
97 197 37
775 571 40
944 376 21
748 722 20
23 662 72
26 472 20
260 499 29
700 805 55
545 506 20
519 839 50
45 152 26
75 655 66
466 60 97
424 409 88
714 691 56
804 487 61
571 467 91
435 660 40
663 512 19
548 293 58
520 654 89
562 89 19
76 271 23
169 247 63
68 695 43
590 17 71
564 1000 18
21 896 2
204 131 55
138 453 90
785 899 68
928 295 93
907 664 29
341 896 100
804 712 93
801 779 70
969 856 66
150 290 79
312 483 28
840 327 54
499 106 51
308 689 57
149 438 92
954 918 12
42 410 80
925 221 52
649 12 100
913 494 38
550 261 41
685 688 33
751 8 69
717 762 7
860 226 91
587 689 62
223 513 100
547 995 21
453 711 15
257 533 8
620 571 27
14 318 24
493 324 35
812 4 98
660 686 48
973 438 96
196 89 42
848 28 6
684 466 69
793 919 56
111 178 94
587 666 7
907 885 29
377 23 8
28 966 86
895 80 33
67 48 92
889 216 17
708 695 17
86 351 83
929 300 9
971 487 37
377 768 26
828 181 9
538 194 16
950 343 72
603 407 57
863 723 49
340 181 63
431 548 48
345 156 7
325 644 76
579 53 60
563 902 1
173 868 53
808 542 52
576 602 28
85 883 20
865 480 65
409 738 39
553 866 73
48 173 66
828 561 74
470 570 24
657 415 81
380 618 28
394 599 14
910 326 8
131 811 47
113 786 64
588 946 66
884 443 60
672 433 79
498 878 88
279 247 92
169 647 81
217 810 83
404 173 77
929 120 18
595 738 24
56 570 83
389 421 82
457 989 70
19 240 74
390 808 49
254 604 89
99 67 8
464 970 80
637 255 62
757 88 31
298 947 23
477 720 89
975 488 96
795 902 30
411 555 42
736 579 17
67 103 99
610 693 19
824 395 1
1000 112 81
940 817 57
111 427 85
353 63 34
389 25 42
416 461 49
251 322 28
406 143 94
318 541 46
60 213 78
404 943 55
935 669 53
729 375 17
182 740 57
833 647 57
189 29 55
380 684 32
375 136 70
96 579 48
793 992 13
166 29 48
146 774 57
487 241 77
947 665 96
772 689 93
730 874 23
948 351 76
520 452 17
471 433 80
189 374 99
138 588 10
731 611 56
46 365 49
146 715 59
926 425 65
437 127 31
15 575 28
831 803 22
543 950 5
817 101 41
668 728 94
973 184 34
491 563 37
872 74 65
853 909 72
554 964 94
534 852 91
74 684 61
429 758 5
268 441 58
314 369 33
103 81 88
344 739 16
916 578 32
996 163 47
682 359 75
146 476 79
815 117 25
682 500 15
886 156 17
633 939 39
909 295 55
361 294 14
76 289 26
481 360 9
207 941 28
264 487 58
491 17 82
787 556 2
916 585 14
263 899 73
781 220 92
684 590 52
3 795 28
660 875 56
909 930 31
575 520 21
306 804 28
841 488 94
62 375 2
871 60 3
361 79 10
288 79 3
599 250 47
15 990 93
218 4 14
671 949 46
531 483 40
286 813 57
663 943 3
772 616 23
796 87 45
286 631 7
278 486 92
982 823 4
806 307 75
235 417 68
435 126 70
832 680 75
59 285 54
140 917 14
780 258 98
110 26 42
214 193 92
102 422 49
840 284 20
763 98 35
795 790 10
676 230 65
842 921 38
164 973 4
564 356 90
756 838 73
24 147 36
972 856 44
267 734 37
692 886 16
299 357 20
478 157 4
292 675 44
143 951 48
285 571 68
641 936 86
870 999 13
811 178 14
656 348 79
677 741 9
998 324 32
486 472 15
3 617 29
439 906 12
192 436 95
270 450 50
881 776 5
191 358 78
306 100 60
378 500 95
756 325 12
970 234 8
298 503 2
703 245 19
929 234 79
841 862 96
726 301 88
399 964 2
20 928 3
966 650 61
115 908 89
306 363 66
851 777 90
595 492 13
384 260 29
742 719 3
854 124 87
136 345 70
122 775 34
708 40 90
149 719 29
106 353 27
500 910 67
34 944 32
273 717 9
982 111 1
17 571 14
262 83 57
533 272 52
193 107 72
148 580 99
573 499 43
1000 247 96
306 409 98
853 794 60
825 770 34
751 341 30
139 559 18
522 967 62
823 569 12
313 486 41
72 229 10
250 414 76
511 760 48
542 366 26
254 71 12
939 464 14
462 779 20
100 937 34
55 937 54
852 412 92
325 539 22
940 439 59
789 74 25
373 869 85
951 575 78
710 390 24
528 768 66
941 213 59
605 63 57
280 896 66
365 483 17
293 386 67
414 754 15
94 385 51
48 66 29
646 471 68
434 533 41
509 916 8
3 665 97
402 168 31
885 250 72
807 908 92
416 184 35
331 130 70
794 52 20
518 317 20
713 242 73
253 353 32
779 871 5
738 584 36
852 863 10
481 520 12
491 917 87
139 173 7
406 483 33
498 216 79
430 745 28
520 69 91
168 597 25
179 152 84
567 743 83
124 104 83
603 713 84
815 178 53
858 397 66
172 106 39
313 743 58
763 159 11
803 654 68
995 956 55
628 252 19
261 399 72
39 447 59
77 561 10
276 490 13
41 59 43
38 21 13
986 658 34
133 816 79
535 146 41
962 484 89
157 472 56
576 588 65
557 629 68
512 505 3
479 529 70
91 944 84
877 251 75
847 582 47
859 347 58
234 205 35
599 349 10
606 847 6
809 983 72
753 830 68
341 637 46
655 193 24
519 931 53
324 576 58
724 963 68
586 501 72
57 778 63
713 865 66
866 178 82
58 495 11
203 786 6
452 591 42
776 656 31
68 537 13
936 717 30
392 317 22
554 954 11
448 160 54
890 568 30
427 593 4
623 635 42
606 709 30
876 536 66
198 502 98
657 211 82
974 10 26
337 634 85
397 370 89
296 710 2
341 139 6
44 752 10
612 932 77
940 524 96
854 140 67
266 666 89
548 386 84
115 581 44
68 166 69
787 338 91
478 159 100
10 755 86
744 972 97
94 395 95
246 290 76
460 955 20
563 815 35
794 710 78
415 101 78
813 454 90
314 529 55
878 841 86
376 921 46
986 163 30
260 388 40
590 344 26
447 14 46
373 775 67
480 166 45
122 623 46
871 1 84
741 836 35
148 347 30
825 491 32
96 650 45
6 711 66
927 822 38
33 271 94
815 104 58
233 51 61
255 974 76
308 18 93
803 382 97
30 168 61
822 288 92
626 698 43
514 700 13
900 713 74
849 952 60
385 102 74
77 647 25
150 266 69
8 614 46
936 316 3
182 966 56
795 39 17
500 154 95
693 112 7
838 723 38
124 363 54
268 789 70
117 928 99
413 564 77
865 219 17
766 330 62
143 331 76
988 306 61
949 893 2
826 313 54
64 644 16
551 425 77
55 542 21
227 521 50
627 99 9
62 671 22
822 994 11
7 659 86
897 951 65
135 748 93
711 84 99
180 830 40
676 406 74
475 161 31
582 568 67
109 794 22
386 209 55
66 332 56
10 933 71
496 74 2
652 838 63
34 214 74
693 352 51
140 946 28
547 441 17
297 819 74
419 294 2
148 606 31
661 694 37
964 530 54
24 562 56
459 383 97
889 39 74
953 928 17
620 447 9
791 959 95
28 990 34
859 571 4
767 272 71
342 786 62
217 956 99
115 454 99
838 195 37
180 632 20
922 915 37
428 756 49
51 467 24
641 804 23
242 119 98
980 171 33
125 796 85
504 73 31
593 37 20
131 790 22
385 871 45
414 861 7
793 117 77
344 481 36
269 461 93
110 804 91
992 921 65
600 65 75
457 137 38
333 517 59
796 937 12
667 730 84
448 775 27
361 744 48
230 195 91
80 467 74
527 378 17
576 896 64
454 802 64
208 952 79
134 924 43
653 506 92
963 829 90
393 162 81
365 763 62
418 220 62
451 176 75
874 197 78
378 92 25
46 926 63
896 512 96
904 499 32
378 327 64
903 499 17
997 45 39
183 174 90
673 89 63
754 863 27
503 396 52
893 170 41
901 812 20
242 123 3
185 98 31
905 612 12
473 102 34
998 563 7
409 910 30
717 773 11
866 416 96
763 11 11
644 757 50
576 828 78
421 40 98
223 897 4
423 211 95
618 170 97
806 694 96
455 268 6
354 838 51
474 374 81
441 163 74
4 118 57
16 816 45
140 752 96
792 61 90
797 604 80
557 65 100
740 359 97
835 992 63
855 964 88
140 662 78
274 931 15
167 700 79
58 364 68
883 604 65
373 73 42
124 493 65
932 495 3
827 859 82
867 705 74
752 335 72
127 315 59
473 587 12
33 951 58
136 961 36
96 169 73
691 121 46
88 476 56
732 242 47
525 31 19
408 661 38
927 235 66
890 141 5
277 215 50
606 225 54
349 232 19
550 890 49
119 630 78
459 876 81
328 771 19
335 516 97
338 560 86
302 284 6
64 805 21
392 798 41
74 215 92
519 188 76
830 582 59
100 33 16
564 559 29
319 521 28
893 392 57
53 742 100
940 371 55
958 280 69
492 96 49
408 74 64
401 575 64
675 485 23
538 828 86
154 831 92
416 86 27
935 962 18
938 696 4
610 372 75
783 811 23
80 260 1
855 865 26
655 179 4
732 150 46
618 619 89
552 80 86
316 817 49
148 842 38
867 150 31
823 567 27
138 813 32
175 649 58
764 372 45
301 907 99
53 605 71
1000 942 2
208 105 26
329 38 75
257 48 81
501 261 44
128 412 55
982 86 56
101 51 55
639 316 12
247 693 87
114 430 46
778 799 72
928 504 48
102 601 8
129 676 10
56 164 24
356 511 66
98 671 63
997 324 78
345 447 37
471 965 47
661 963 44
868 840 27
477 250 35
537 489 3
471 380 86
692 587 38
430 162 21
183 222 46
727 456 84
637 468 9
219 757 37
401 354 25
103 305 100
444 677 79
288 582 41
104 729 45
352 551 39
404 462 3
916 324 2
940 740 63
929 29 100
697 286 58
326 805 36
243 748 32
420 793 15
284 511 55
828 532 33
916 571 35
384 202 85
581 24 18
291 844 84
971 359 84
314 990 14
141 432 80
504 695 73
136 582 11
491 266 12
552 673 93
193 978 83
292 443 28
621 559 73
74 127 47
880 134 77
518 259 96
858 929 39
895 29 45
875 963 41
355 721 86
465 716 47
75 53 4
430 359 13
917 313 29
60 482 71
579 757 57
771 187 56
659 657 84
572 760 100
915 183 91
287 75 63
381 194 46
724 818 72
88 923 23
727 429 62
47 350 89
717 805 84
223 823 51
13 3 47
779 927 20
429 580 65
482 154 68
555 462 95
512 324 69
878 780 91
601 932 41
796 559 11
884 67 31
377 700 46
238 611 83
124 337 3
53 507 69
112 485 48
695 522 6
119 396 69
540 769 29
563 66 29
5 783 56
792 350 82
828 340 12
248 930 76
946 341 42
225 385 35
958 151 52
528 771 60
926 404 37
501 864 8
130 392 38
621 631 54
873 913 47
682 849 76
563 451 56
566 324 80
332 942 49
590 205 69
481 269 82
655 522 30
253 862 27
410 190 95
257 934 77
273 666 45
647 435 78
512 960 27
182 389 87
745 649 78
686 403 24
481 311 60
900 871 24
170 926 25
195 28 18
946 960 76
584 591 46
599 857 24
328 872 98
858 894 55
373 738 59
710 626 16
630 557 28
672 568 88
19 531 53
601 267 55
15 112 24
721 750 87
796 843 61
611 786 62
933 658 90
636 244 9
82 838 82
897 627 54
626 312 6
58 877 8
566 47 12
550 73 96
489 83 82
571 207 70
445 39 72
428 860 46
576 88 78
251 309 79
277 708 77
518 564 87
184 648 2
209 115 88
995 16 35
750 347 27
528 109 96
948 697 14
551 947 53
940 453 27
239 675 11
481 623 56
915 237 55
435 980 16
877 623 40
296 622 98
103 174 13
515 68 69
846 368 51
473 265 20
309 188 17
138 162 59
314 138 90
573 373 33
850 995 32
495 272 52
240 558 25
948 706 59
447 459 36
148 26 37
914 322 41
589 752 63
443 812 97
216 804 56
31 271 13
487 862 6
512 394 2
867 829 92
125 773 25
987 684 37
533 553 52
653 471 59
831 725 67
445 297 22
781 519 10
501 130 21
441 61 44
132 223 37
659 567 51
807 762 95
256 469 100
281 454 87
641 853 55
719 442 16
240 302 44
853 339 14
69 538 91
886 15 15
1 399 54
303 124 26
130 747 50
914 960 35
939 216 43
199 210 56
589 410 94
671 829 80
289 603 62
839 481 72
769 447 22
370 236 99
356 460 67
129 746 32
397 97 72
221 844 51
429 213 19
772 841 37
48 329 42
693 410 40
634 249 34
621 445 69
837 874 6
31 59 40
608 180 56
117 183 18
624 162 39
820 18 58
240 897 3
730 67 85
845 955 60
337 565 5
517 681 87
468 81 46
414 144 14
424 706 7
821 276 58
499 962 37
489 391 38
757 816 51
167 22 18
783 404 66
104 164 38
186 885 83
806 938 22
589 917 87
750 96 82
670 366 37
468 150 55
860 621 71
838 348 41
156 297 27
119 476 83
141 795 56
106 44 53
875 713 20
774 529 7
394 938 6
228 794 93
992 809 38
699 798 97
4 483 60
23 883 47
32 427 26
257 276 42
307 553 12
583 166 60
1000 182 91
387 420 62
755 486 95
999 795 67
159 306 91
75 688 27
774 391 30
965 688 76
925 80 96
623 487 90
463 96 17
343 461 19
780 552 25
919 490 79
241 84 93
462 65 48
579 218 52
487 456 18
487 395 19
875 376 89
608 7 54
996 299 100
640 823 1
993 813 86
293 748 84
581 296 37
602 668 43
479 265 74
209 262 89
484 411 88
405 199 18
539 642 35
797 165 4
92 4 13
425 328 23
344 42 60
851 948 11
118 286 85
179 823 85
210 44 11
495 24 26
837 162 65
739 84 43
926 374 74
190 549 38
99 364 41
990 473 20
812 383 44
255 333 72
245 428 100
804 356 41
134 248 60
824 843 87
105 373 73
53 687 99
498 414 80
173 122 86
72 748 18
218 845 95
340 153 47
925 896 88
292 173 4
717 527 10
410 328 68
964 566 78
205 842 65
29 826 33
221 485 94
42 353 76
868 342 89
246 150 45
705 824 47
516 682 70
534 955 65
376 580 1
5 77 48
54 422 37
188 590 13
239 635 14
435 812 65
707 103 44
454 232 73
1000 620 68
309 234 43
940 980 78
960 239 38
549 955 63
578 933 70
868 797 62
526 202 70
526 963 60
486 341 3
63 882 62
892 368 74
119 390 77
472 400 43
725 71 95
821 383 96
84 755 82
2 585 13
222 519 91
984 63 37
805 545 76
704 410 92
349 906 89
938 115 87
926 115 99
316 20 96
711 77 20
999 805 81
140 607 59
320 247 37
666 466 54
427 217 4
577 693 39
812 540 64
583 907 96
144 591 56
50 570 12
148 919 70
610 103 86
888 841 45
437 663 62
962 923 8
223 843 50
464 938 28
290 694 75
215 686 63
908 64 62
389 546 9
670 792 26
248 423 61
279 502 27
115 227 52
27 330 4
380 641 65
778 512 70
44 571 16
124 265 10
91 279 85
341 291 12
192 208 37
978 137 22
706 165 48
299 81 25
849 104 3
80 370 5
426 641 100
727 22 22
185 540 2
273 414 63
473 346 98
164 451 15
216 235 23
247 405 86
659 463 78
993 175 46
508 914 39
968 428 55
410 794 52
161 46 51
626 500 78
961 4 94
185 254 74
210 640 86
4 5 83
526 354 33
116 400 56
657 565 17
955 503 56
246 980 91
787 929 24
489 438 94
66 991 59
326 985 35
559 565 53
142 296 66
214 676 14
104 541 23
902 194 78
118 869 2
525 699 92
230 453 26
676 658 33
125 263 92
206 699 41
81 320 3
48 352 90
590 280 59
803 671 42
555 885 52
145 850 96
446 914 30
484 528 34
716 364 83
658 752 98
297 793 19
43 648 6
775 202 98
299 418 9
230 154 17
424 160 2
689 98 53
186 854 85
20 630 94
341 368 66
426 70 14
114 762 26
308 647 47
616 594 72
239 728 35
111 771 14
731 152 47
888 893 72
679 533 17
732 559 35
573 63 76
361 274 53
496 767 45
993 745 73
44 641 52
943 828 59
802 747 93
870 467 75
261 484 58
807 246 76
2 3 60
316 976 29
372 334 47
393 451 59
997 727 75
343 339 38
96 857 2
249 567 21
359 959 57
333 481 35
894 793 21
419 114 8
533 787 75
636 448 100
513 95 5
891 348 32
452 545 69
977 936 10
552 249 52
947 215 1
692 819 28
903 563 45
283 496 46
17 894 77
176 709 60
456 634 16
220 389 43
721 440 60
276 1 3
821 320 46
715 277 77
842 211 34
935 206 99
245 1000 22
38 540 15
764 536 70
65 449 55
905 51 40
128 189 67
227 849 37
649 660 89
476 558 13
254 788 68
102 949 79
11 32 96
141 731 29
553 416 54
801 943 61
508 609 95
942 524 8
63 489 34
203 343 63
738 593 39
706 371 28
738 243 93
542 860 95
587 414 40
623 669 27
723 959 46
819 918 97
854 185 47
42 762 6
228 882 40
984 66 12
798 933 39
135 745 66
47 507 27
498 898 58
400 54 28
500 547 43
33 43 89
429 895 26
221 608 43
634 351 20
582 328 74
213 133 80
595 173 21
436 967 52
777 596 52
198 204 30
992 590 94
817 511 22
451 444 58
107 855 72
169 33 82
60 114 6
91 894 51
920 336 93
614 509 18
10 115 76
591 224 38
362 821 65
411 355 57
770 893 75
290 965 48
126 215 14
706 353 63
513 977 14
873 861 86
532 806 18
929 646 82
6 654 31
221 927 30
363 336 78
817 881 42
977 47 81
674 908 83
32 861 29
408 227 16
533 699 44
538 838 58
906 871 96
94 728 53
951 222 99
555 248 82
72 944 21
288 42 72
931 649 22
418 532 43
25 323 67
403 398 21
474 779 47
472 356 24
204 509 23
928 836 29
118 665 18
443 908 21
865 662 30
680 536 71
743 764 89
848 806 89
676 198 49
864 386 29
499 113 66
688 411 20
248 804 97
841 321 81
768 934 18
910 432 92
161 869 72
334 606 76
580 661 94
214 812 2
224 407 30
830 317 95
606 178 93
337 723 48
973 722 6
859 540 29
656 233 18
941 805 65
287 984 47
259 610 56
392 331 28
55 356 9
135 495 40
804 1 12
242 706 10
59 695 76
949 654 11
950 732 68
235 829 21
774 588 87
619 289 63
32 260 45
935 628 21
685 534 90
539 515 29
401 521 9
175 781 26
429 536 21
66 276 88
950 474 89
683 481 57
929 716 20
92 114 29
297 89 1
292 542 20
713 297 16
30 762 81
856 73 77
88 423 28
249 571 58
901 280 63
117 601 37
792 389 77
27 717 40
246 516 90
153 39 24
480 450 71
300 436 75
159 559 2
875 782 35
606 653 47
391 108 35
840 287 4
770 21 91
527 950 42
808 151 55
522 482 13
294 223 57
728 885 69
514 870 51
770 586 41
122 127 85
578 941 58
781 384 80
884 29 29
775 974 57
944 668 92
435 512 13
48 724 43
926 106 59
38 659 100
140 765 86
141 533 57
453 625 58
694 780 94
38 378 10
596 817 56
548 402 69
601 743 11
789 568 90
255 972 25
363 49 23
139 768 46
499 4 14
830 207 15
765 405 60
951 190 93
538 489 39
247 561 56
779 868 34
428 258 43
402 714 55
925 397 66
827 333 46
215 867 69
32 403 13
775 713 74
385 673 70
540 226 13
13 234 82
605 884 13
425 420 37
819 363 4
843 635 9
538 318 37
452 230 11
772 199 1
430 507 44
7 327 61
371 837 57
890 742 63
560 383 70
24 968 79
397 223 16
280 52 77
323 20 38
874 12 6
372 167 41
235 371 46
133 163 1
918 790 19
973 461 1
966 329 16
901 568 32
517 777 98
720 284 12
739 205 57
738 841 56
971 512 23
886 173 17
385 383 26
755 612 90
369 781 63
800 590 98
636 596 65
586 225 55
40 169 53
491 831 95
44 336 51
386 12 41
464 162 83
524 33 44
522 459 71
434 260 99
886 689 32
307 368 21
57 164 23
187 496 100
520 775 27
378 938 44
658 568 27
796 711 27
614 24 37
765 419 54
856 384 97
288 285 88
817 776 52
815 85 28
5 421 68
510 950 55
959 606 55
72 51 40
733 609 56
550 303 37
835 50 98
906 2 20
365 981 40
288 144 44
502 511 70
549 808 13
356 681 54
235 615 90
948 969 37
324 678 8
753 527 81
529 882 69
544 285 29
166 311 48
826 658 33
489 152 31
657 165 56
771 67 35
394 434 12
733 402 45
17 771 89
23 407 15
108 397 74
537 957 43
375 726 41
870 819 1
648 690 37
907 533 19
23 718 49
32 538 36
917 422 36
492 685 45
437 239 71
301 851 65
413 238 80
618 332 88
184 363 20
842 268 9
225 525 68
284 786 30
512 651 38
911 351 12
217 216 93
756 152 58
98 144 95
660 490 39
227 625 8
503 992 80
648 553 10
979 410 92
391 883 61
824 307 61
709 791 62
677 850 37
741 991 92
811 682 5
341 143 18
557 61 89
460 450 46
368 957 43
153 686 15
482 564 5
147 333 52
298 682 48
127 842 51
835 890 97
335 160 31
101 153 23
644 442 40
807 1000 2
794 672 88
162 844 3
693 474 49
291 671 7
373 10 99
545 917 3
994 605 87
775 113 66
352 410 17
390 660 56
272 781 70
668 69 98
977 784 87
820 523 64
19 440 78
73 30 99
251 469 39
715 727 34
589 192 50
888 574 45
887 761 62
129 927 88
827 762 20
711 370 63
910 318 58
541 239 97
721 587 41
687 349 56
255 923 7
211 445 3
839 185 38
939 472 7
214 981 96
387 116 25
372 218 45
627 105 83
355 754 8
904 681 98
374 992 87
664 35 80
269 90 15
185 268 50
534 915 99
767 132 74
413 759 96
586 957 90
999 6 32
14 519 5
178 534 14
798 601 93
73 622 71
446 171 8
710 582 87
910 93 33
488 382 78
925 225 7
525 964 1
809 471 6
761 192 8
334 582 40
792 900 63
878 458 58
27 421 44
357 26 35
213 897 50
746 220 46
340 783 39
977 623 69
400 557 6
786 966 32
154 908 84
976 560 39
514 556 6
984 241 99
684 323 25
424 700 6
585 263 80
695 377 26
228 88 54
87 310 66
538 710 75
548 463 13
966 630 46
583 724 28
348 541 57
157 791 100
819 498 3
763 860 88
65 308 35
756 735 56
373 963 18
245 777 86
534 938 42
961 39 87
922 125 59
28 434 45
16 664 82
64 434 100
23 228 66
781 705 63
112 311 74
514 579 76
644 119 75
462 666 85
802 121 80
721 227 64
735 753 66
364 677 28
217 94 100
414 214 17
489 990 15
471 138 74
412 790 46
352 382 79
326 481 87
497 312 51
497 326 43
212 619 80
833 523 13
995 820 72
219 887 3
866 757 51
120 706 47
84 742 56
693 873 36
739 330 23
488 163 86
801 914 18
389 925 61
181 911 68
776 876 27
471 793 24
485 159 61
776 743 18
38 917 77
483 629 95
641 276 88
512 77 81
229 635 82
62 145 49
247 721 89
823 722 68
170 914 22
32 688 24
956 653 64
728 546 4
340 368 32
429 672 60
960 180 62
546 443 72
866 763 79
183 974 61
378 582 80
76 982 64
98 359 83
513 818 89
82 648 90
237 230 25
958 938 93
375 725 5
447 604 38
119 895 84
848 622 15
331 364 13
346 224 3
537 123 30
107 417 51
280 153 25
468 447 62
401 683 48
93 987 79
602 185 38
364 73 5
334 391 62
472 890 95
300 369 27
196 66 60
263 887 73
965 307 25
730 2 11
646 846 27
8 991 82
703 35 97
317 995 91
31 707 37
132 966 59
85 98 19
838 941 58
341 532 66
535 120 8
585 726 52
818 105 15
168 62 49
632 197 94
570 109 32
846 74 86
451 948 49
24 775 52
470 261 87
685 344 37
544 267 63
416 49 42
110 376 82
651 339 76
335 120 57
126 779 54
585 15 54
887 74 65
39 244 47
519 366 66
657 125 31
345 679 48
878 185 25
465 999 73
578 314 52
231 834 2
893 600 40
660 201 49
62 922 32
198 805 86
591 255 14
965 494 26
765 55 93
743 155 21
861 235 56
751 543 43

